{"autoClear":true,"clearColor":[0,0,0],"ambientColor":[0,0,0],"gravity":[0,-9.81,0],
"materials":[{"name":"PlayerBody_1.Material","id":"PlayerBody_1.Material","ambient":[0.8,0.5885,0.3107],"diffuse":[0.64,0.4708,0.2485],"specular":[0,0,0],"emissive":[0,0,0],"specularPower":50,"alpha":1,"backFaceCulling":true},{"name":"PlayerBody_1.Material.002","id":"PlayerBody_1.Material.002","ambient":[0.8,0.8,0.8],"diffuse":[0.64,0.64,0.64],"specular":[0.5,0.5,0.5],"emissive":[0,0,0],"specularPower":50,"alpha":1,"backFaceCulling":true, "diffuseTexture":{"name":"Sword_Texture.png","level":1,"hasAlpha":1,"coordinatesMode":0,"uOffset":0,"vOffset":0,"uScale":1,"vScale":1,"uAng":0,"vAng":0,"wAng":0,"wrapU":1,"wrapV":1,"coordinatesIndex":0}}],
"multiMaterials":[],
"skeletons":[{"name":"Skeleton","id":0,"bones":[
{"name":"pelvis","index":0,"matrix":[1,0,0,0,0,1,0,0,0,0,-1,0,0,4,-0.1425,1],"parentBoneIndex":-1,"animation":{"dataType":3,"framePerSecond":60,"keys":[{"frame":0,"values":[1,0,0,0,0,1,0,0,0,0,-1,0,0,4,-0.1425,1]},{"frame":41,"values":[1,0,0,0,0,1,0,0,0,0,-1,0,0,4,-0.1425,1]}],"loopBehavior":1,"name":"anim","property":"_matrix"}},
{"name":"stomach","index":1,"matrix":[1,0,0,0,0,1,0,0,0,0,1,0,0,0.4668,0,1],"parentBoneIndex":0,"animation":{"dataType":3,"framePerSecond":60,"keys":[{"frame":0,"values":[1,0,0,0,0,1,0,0,0,0,1,0,0,0.4668,0,1]},{"frame":41,"values":[1,0,0,0,0,1,0,0,0,0,1,0,0,0.4668,0,1]}],"loopBehavior":1,"name":"anim","property":"_matrix"}},
{"name":"chest","index":2,"matrix":[1,0,0,0,0,1,0,0,0,0,1,0,0,1.1733,0,1],"parentBoneIndex":1,"animation":{"dataType":3,"framePerSecond":60,"keys":[{"frame":0,"values":[1,0,0,0,0,1,0,0,0,0,1,0,0,1.1733,0,1]},{"frame":41,"values":[1,0,0,0,0,1,0,0,0,0,1,0,0,1.1733,0,1]}],"loopBehavior":1,"name":"anim","property":"_matrix"}},
{"name":"neck","index":3,"matrix":[1,0,0,0,0,1,0,0,0,0,1,0,0,1.3877,0,1],"parentBoneIndex":2,"animation":{"dataType":3,"framePerSecond":60,"keys":[{"frame":0,"values":[1,0,0,0,0,1,0,0,0,0,1,0,0,1.3877,0,1]},{"frame":41,"values":[1,0,0,0,0,1,0,0,0,0,1,0,0,1.3877,0,1]}],"loopBehavior":1,"name":"anim","property":"_matrix"}},
{"name":"head","index":4,"matrix":[1,0,0,0,0,1,0,0,0,0,1,0,0,0.3247,0,1],"parentBoneIndex":3,"animation":{"dataType":3,"framePerSecond":60,"keys":[{"frame":0,"values":[1,0,0,0,0,1,0,0,0,0,1,0,0,0.3247,0,1]},{"frame":41,"values":[1,0,0,0,0,1,0,0,0,0,1,0,0,0.3247,0,1]}],"loopBehavior":1,"name":"anim","property":"_matrix"}},
{"name":"shoulder.L","index":5,"matrix":[0,0,1,0,0.949,-0.3152,0,0,0.3152,0.949,0,0,0,1.3877,0,1],"parentBoneIndex":2,"animation":{"dataType":3,"framePerSecond":60,"keys":[{"frame":0,"values":[0,0,1,0,0.949,-0.3152,0,0,0.3152,0.949,0,0,0,1.3877,0,1]},{"frame":41,"values":[0,0,1,0,0.949,-0.3152,0,0,0.3152,0.949,0,0,0,1.3877,0,1]}],"loopBehavior":1,"name":"anim","property":"_matrix"}},
{"name":"bicep.L","index":6,"matrix":[0.0784,0.8537,0.5149,0,-0.3271,0.5099,-0.7956,0,-0.9417,-0.106,0.3192,0,0,1.0537,0,1],"parentBoneIndex":5,"animation":{"dataType":3,"framePerSecond":60,"keys":[{"frame":0,"values":[0.0784,0.8537,0.5149,0,-0.3271,0.5099,-0.7956,0,-0.9417,-0.106,0.3192,0,0,1.0537,0,1]},{"frame":1,"values":[0.0793,0.8538,0.5146,0,-0.3306,0.5095,-0.7944,0,-0.9404,-0.1072,0.3227,0,0,1.0537,0,1]},{"frame":2,"values":[0.0819,0.8541,0.5137,0,-0.3414,0.5082,-0.7906,0,-0.9363,-0.1107,0.3332,0,0,1.0537,0,1]},{"frame":3,"values":[0.0861,0.8546,0.5121,0,-0.3591,0.5061,-0.7842,0,-0.9293,-0.1164,0.3504,0,0,1.0537,0,1]},{"frame":4,"values":[0.0917,0.8553,0.5099,0,-0.3823,0.5031,-0.7751,0,-0.9195,-0.1239,0.3731,0,0,1.0537,0,1]},{"frame":5,"values":[0.0981,0.8562,0.5072,0,-0.4093,0.4993,-0.7637,0,-0.9071,-0.1327,0.3994,0,0,1.0537,0,1]},{"frame":6,"values":[0.1048,0.8572,0.5041,0,-0.4372,0.495,-0.7509,0,-0.8932,-0.1417,0.4267,0,0,1.0537,0,1]},{"frame":7,"values":[0.1111,0.8583,0.501,0,-0.4634,0.4907,-0.7379,0,-0.8792,-0.1502,0.4522,0,0,1.0537,0,1]},{"frame":8,"values":[0.1163,0.8592,0.4982,0,-0.4853,0.4868,-0.7262,0,-0.8666,-0.1573,0.4737,0,0,1.0537,0,1]},{"frame":9,"values":[0.1203,0.8599,0.496,0,-0.5016,0.4838,-0.7172,0,-0.8567,-0.1626,0.4895,0,0,1.0537,0,1]},{"frame":10,"values":[0.1226,0.8604,0.4947,0,-0.5114,0.4819,-0.7115,0,-0.8505,-0.1658,0.4991,0,0,1.0537,0,1]},{"frame":11,"values":[0.1234,0.8605,0.4942,0,-0.5147,0.4813,-0.7096,0,-0.8485,-0.1668,0.5023,0,0,1.0537,0,1]},{"frame":12,"values":[0.1216,0.8602,0.4953,0,-0.5072,0.4828,-0.7139,0,-0.8532,-0.1644,0.495,0,0,1.0537,0,1]},{"frame":13,"values":[0.1161,0.8592,0.4984,0,-0.4842,0.487,-0.7269,0,-0.8672,-0.1569,0.4725,0,0,1.0537,0,1]},{"frame":14,"values":[0.1068,0.8576,0.5032,0,-0.4453,0.4937,-0.747,0,-0.889,-0.1443,0.4346,0,0,1.0537,0,1]},{"frame":15,"values":[0.0939,0.8556,0.509,0,-0.3918,0.5018,-0.7712,0,-0.9153,-0.127,0.3823,0,0,1.0537,0,1]},{"frame":16,"values":[0.0785,0.8537,0.5148,0,-0.3274,0.5099,-0.7955,0,-0.9416,-0.1061,0.3195,0,0,1.0537,0,1]},{"frame":17,"values":[0.0619,0.852,0.5198,0,-0.2583,0.5167,-0.8162,0,-0.9641,-0.0837,0.2521,0,0,1.0537,0,1]},{"frame":18,"values":[0.046,0.8508,0.5234,0,-0.192,0.5217,-0.8312,0,-0.9803,-0.0622,0.1874,0,0,1.0537,0,1]},{"frame":19,"values":[0.0323,0.8501,0.5256,0,-0.1347,0.5248,-0.8405,0,-0.9904,-0.0437,0.1314,0,0,1.0537,0,1]},{"frame":20,"values":[0.0217,0.8497,0.5268,0,-0.0904,0.5264,-0.8454,0,-0.9957,-0.0293,0.0882,0,0,1.0537,0,1]},{"frame":21,"values":[0.0146,0.8495,0.5273,0,-0.0608,0.5271,-0.8476,0,-0.998,-0.0197,0.0593,0,0,1.0537,0,1]},{"frame":22,"values":[0.0095,0.8495,0.5276,0,-0.0398,0.5275,-0.8486,0,-0.9992,-0.0129,0.0388,0,0,1.0537,0,1]},{"frame":23,"values":[0.0051,0.8494,0.5277,0,-0.0214,0.5277,-0.8492,0,-0.9998,-0.0069,0.0209,0,0,1.0537,0,1]},{"frame":24,"values":[0.0014,0.8494,0.5277,0,-0.0059,0.5277,-0.8494,0,-1,-0.0019,0.0058,0,0,1.0537,0,1]},{"frame":25,"values":[-0.0015,0.8494,0.5277,0,0.0062,0.5277,-0.8494,0,-1,0.002,-0.006,0,0,1.0537,0,1]},{"frame":26,"values":[-0.0036,0.8494,0.5277,0,0.0149,0.5277,-0.8493,0,-0.9999,0.0048,-0.0145,0,0,1.0537,0,1]},{"frame":27,"values":[-0.0049,0.8494,0.5277,0,0.0205,0.5277,-0.8492,0,-0.9998,0.0067,-0.02,0,0,1.0537,0,1]},{"frame":28,"values":[-0.0057,0.8494,0.5277,0,0.0237,0.5277,-0.8491,0,-0.9997,0.0077,-0.0231,0,0,1.0537,0,1]},{"frame":29,"values":[-0.006,0.8494,0.5277,0,0.0252,0.5276,-0.8491,0,-0.9997,0.0082,-0.0246,0,0,1.0537,0,1]},{"frame":30,"values":[-0.0061,0.8494,0.5277,0,0.0256,0.5276,-0.8491,0,-0.9997,0.0083,-0.025,0,0,1.0537,0,1]},{"frame":31,"values":[-0.0062,0.8494,0.5277,0,0.0257,0.5276,-0.8491,0,-0.9997,0.0083,-0.0251,0,0,1.0537,0,1]},{"frame":32,"values":[-0.0043,0.8494,0.5277,0,0.0178,0.5277,-0.8492,0,-0.9998,0.0058,-0.0173,0,0,1.0537,0,1]},{"frame":33,"values":[0.0015,0.8494,0.5277,0,-0.0061,0.5277,-0.8494,0,-1,-0.002,0.006,0,0,1.0537,0,1]},{"frame":34,"values":[0.0108,0.8495,0.5275,0,-0.045,0.5274,-0.8484,0,-0.9989,-0.0146,0.0439,0,0,1.0537,0,1]},{"frame":35,"values":[0.023,0.8498,0.5267,0,-0.0959,0.5263,-0.8449,0,-0.9951,-0.0311,0.0936,0,0,1.0537,0,1]},{"frame":36,"values":[0.0367,0.8503,0.525,0,-0.1533,0.5239,-0.8379,0,-0.9875,-0.0497,0.1496,0,0,1.0537,0,1]},{"frame":37,"values":[0.0504,0.8511,0.5225,0,-0.2102,0.5205,-0.8276,0,-0.9764,-0.0681,0.2051,0,0,1.0537,0,1]},{"frame":38,"values":[0.0622,0.8521,0.5197,0,-0.2597,0.5166,-0.8159,0,-0.9637,-0.0842,0.2534,0,0,1.0537,0,1]},{"frame":39,"values":[0.0712,0.8529,0.5172,0,-0.2969,0.5131,-0.8053,0,-0.9522,-0.0962,0.2898,0,0,1.0537,0,1]},{"frame":40,"values":[0.0766,0.8535,0.5155,0,-0.3196,0.5107,-0.7981,0,-0.9445,-0.1036,0.3119,0,0,1.0537,0,1]},{"frame":41,"values":[0.0784,0.8537,0.5149,0,-0.3271,0.5099,-0.7956,0,-0.9417,-0.106,0.3192,0,0,1.0537,0,1]}],"loopBehavior":1,"name":"anim","property":"_matrix"}},
{"name":"forearm.L","index":7,"matrix":[0.9638,0.2658,-0.0196,0,-0.2396,0.8318,-0.5008,0,-0.1168,0.4874,0.8654,0,0,1.4513,0,1],"parentBoneIndex":6,"animation":{"dataType":3,"framePerSecond":60,"keys":[{"frame":0,"values":[0.9638,0.2658,-0.0196,0,-0.2396,0.8318,-0.5008,0,-0.1168,0.4874,0.8654,0,0,1.4513,0,1]},{"frame":1,"values":[0.9638,0.2658,-0.0196,0,-0.2396,0.8318,-0.5008,0,-0.1168,0.4874,0.8654,0,0,1.4513,0,1]},{"frame":2,"values":[0.9638,0.2658,-0.0196,0,-0.2396,0.8318,-0.5008,0,-0.1168,0.4874,0.8654,0,0,1.4513,0,1]},{"frame":3,"values":[0.9638,0.2658,-0.0196,0,-0.2396,0.8318,-0.5008,0,-0.1168,0.4874,0.8654,0,0,1.4513,0,1]},{"frame":4,"values":[0.9638,0.2658,-0.0196,0,-0.2396,0.8318,-0.5008,0,-0.1168,0.4874,0.8654,0,0,1.4513,0,1]},{"frame":5,"values":[0.9638,0.2658,-0.0196,0,-0.2396,0.8318,-0.5008,0,-0.1168,0.4874,0.8654,0,0,1.4513,0,1]},{"frame":6,"values":[0.9638,0.2658,-0.0196,0,-0.2396,0.8318,-0.5008,0,-0.1168,0.4874,0.8654,0,0,1.4513,0,1]},{"frame":7,"values":[0.9638,0.2658,-0.0196,0,-0.2396,0.8318,-0.5008,0,-0.1168,0.4874,0.8654,0,0,1.4513,0,1]},{"frame":8,"values":[0.9638,0.2658,-0.0196,0,-0.2396,0.8318,-0.5008,0,-0.1168,0.4874,0.8654,0,0,1.4513,0,1]},{"frame":9,"values":[0.9638,0.2658,-0.0196,0,-0.2396,0.8318,-0.5008,0,-0.1168,0.4874,0.8654,0,0,1.4513,0,1]},{"frame":10,"values":[0.9638,0.2658,-0.0196,0,-0.2396,0.8318,-0.5008,0,-0.1168,0.4874,0.8654,0,0,1.4513,0,1]},{"frame":11,"values":[0.9638,0.2658,-0.0196,0,-0.2396,0.8318,-0.5008,0,-0.1168,0.4874,0.8654,0,0,1.4513,0,1]},{"frame":12,"values":[0.9638,0.2658,-0.0196,0,-0.2395,0.8316,-0.5012,0,-0.1169,0.4877,0.8651,0,0,1.4513,0,1]},{"frame":13,"values":[0.9638,0.2658,-0.0196,0,-0.2394,0.8309,-0.5023,0,-0.1172,0.4888,0.8645,0,0,1.4513,0,1]},{"frame":14,"values":[0.9638,0.2657,-0.0197,0,-0.2391,0.8299,-0.5041,0,-0.1176,0.4906,0.8634,0,0,1.4513,0,1]},{"frame":15,"values":[0.9639,0.2657,-0.0198,0,-0.2388,0.8285,-0.5065,0,-0.1182,0.4929,0.862,0,0,1.4513,0,1]},{"frame":16,"values":[0.9639,0.2656,-0.0199,0,-0.2384,0.827,-0.5092,0,-0.1188,0.4955,0.8604,0,0,1.4513,0,1]},{"frame":17,"values":[0.9639,0.2656,-0.02,0,-0.238,0.8254,-0.5119,0,-0.1194,0.4981,0.8588,0,0,1.4513,0,1]},{"frame":18,"values":[0.9639,0.2655,-0.0201,0,-0.2377,0.824,-0.5142,0,-0.12,0.5005,0.8574,0,0,1.4513,0,1]},{"frame":19,"values":[0.9639,0.2655,-0.0202,0,-0.2375,0.823,-0.516,0,-0.1204,0.5022,0.8563,0,0,1.4513,0,1]},{"frame":20,"values":[0.9639,0.2654,-0.0202,0,-0.2373,0.8223,-0.5172,0,-0.1207,0.5033,0.8557,0,0,1.4513,0,1]},{"frame":21,"values":[0.9639,0.2654,-0.0202,0,-0.2373,0.8221,-0.5175,0,-0.1207,0.5037,0.8554,0,0,1.4513,0,1]},{"frame":22,"values":[0.9639,0.2654,-0.0202,0,-0.2373,0.8221,-0.5175,0,-0.1207,0.5037,0.8554,0,0,1.4513,0,1]},{"frame":23,"values":[0.9639,0.2654,-0.0202,0,-0.2373,0.8221,-0.5175,0,-0.1207,0.5037,0.8554,0,0,1.4513,0,1]},{"frame":24,"values":[0.9639,0.2654,-0.0202,0,-0.2373,0.8221,-0.5175,0,-0.1207,0.5037,0.8554,0,0,1.4513,0,1]},{"frame":25,"values":[0.9639,0.2654,-0.0202,0,-0.2373,0.8221,-0.5175,0,-0.1207,0.5037,0.8554,0,0,1.4513,0,1]},{"frame":26,"values":[0.9639,0.2654,-0.0202,0,-0.2373,0.8221,-0.5175,0,-0.1207,0.5037,0.8554,0,0,1.4513,0,1]},{"frame":27,"values":[0.9639,0.2654,-0.0202,0,-0.2373,0.8221,-0.5175,0,-0.1207,0.5037,0.8554,0,0,1.4513,0,1]},{"frame":28,"values":[0.9639,0.2654,-0.0202,0,-0.2373,0.8221,-0.5175,0,-0.1207,0.5037,0.8554,0,0,1.4513,0,1]},{"frame":29,"values":[0.9639,0.2654,-0.0202,0,-0.2373,0.8221,-0.5175,0,-0.1207,0.5037,0.8554,0,0,1.4513,0,1]},{"frame":30,"values":[0.9639,0.2654,-0.0202,0,-0.2373,0.8221,-0.5175,0,-0.1207,0.5037,0.8554,0,0,1.4513,0,1]},{"frame":31,"values":[0.9639,0.2654,-0.0202,0,-0.2373,0.8221,-0.5175,0,-0.1207,0.5037,0.8554,0,0,1.4513,0,1]},{"frame":32,"values":[0.9639,0.2654,-0.0202,0,-0.2373,0.8223,-0.5172,0,-0.1207,0.5033,0.8557,0,0,1.4513,0,1]},{"frame":33,"values":[0.9639,0.2655,-0.0202,0,-0.2375,0.823,-0.516,0,-0.1204,0.5022,0.8563,0,0,1.4513,0,1]},{"frame":34,"values":[0.9639,0.2655,-0.0201,0,-0.2377,0.824,-0.5142,0,-0.12,0.5005,0.8574,0,0,1.4513,0,1]},{"frame":35,"values":[0.9639,0.2656,-0.02,0,-0.238,0.8254,-0.5119,0,-0.1194,0.4981,0.8588,0,0,1.4513,0,1]},{"frame":36,"values":[0.9639,0.2656,-0.0199,0,-0.2384,0.827,-0.5092,0,-0.1188,0.4955,0.8604,0,0,1.4513,0,1]},{"frame":37,"values":[0.9639,0.2657,-0.0198,0,-0.2388,0.8285,-0.5065,0,-0.1182,0.4929,0.862,0,0,1.4513,0,1]},{"frame":38,"values":[0.9638,0.2657,-0.0197,0,-0.2391,0.8299,-0.5041,0,-0.1176,0.4906,0.8634,0,0,1.4513,0,1]},{"frame":39,"values":[0.9638,0.2658,-0.0196,0,-0.2394,0.8309,-0.5023,0,-0.1172,0.4888,0.8645,0,0,1.4513,0,1]},{"frame":40,"values":[0.9638,0.2658,-0.0196,0,-0.2395,0.8316,-0.5012,0,-0.1169,0.4877,0.8651,0,0,1.4513,0,1]},{"frame":41,"values":[0.9638,0.2658,-0.0196,0,-0.2396,0.8318,-0.5008,0,-0.1168,0.4874,0.8654,0,0,1.4513,0,1]}],"loopBehavior":1,"name":"anim","property":"_matrix"}},
{"name":"hand.L","index":8,"matrix":[0.9741,-0.226,0,0,0.226,0.9741,0,0,0,0,1,0,0,1.254,0,1],"parentBoneIndex":7,"animation":{"dataType":3,"framePerSecond":60,"keys":[{"frame":0,"values":[0.9741,-0.226,0,0,0.226,0.9741,0,0,0,0,1,0,0,1.254,0,1]},{"frame":1,"values":[0.9741,-0.226,0,0,0.226,0.9741,0,0,0,0,1,0,0,1.254,0,1]},{"frame":2,"values":[0.9741,-0.226,0,0,0.226,0.9741,0,0,0,0,1,0,0,1.254,0,1]},{"frame":3,"values":[0.9741,-0.226,0,0,0.226,0.9741,0,0,0,0,1,0,0,1.254,0,1]},{"frame":4,"values":[0.9741,-0.226,0,0,0.226,0.9741,0,0,0,0,1,0,0,1.254,0,1]},{"frame":5,"values":[0.9741,-0.226,0,0,0.226,0.9741,0,0,0,0,1,0,0,1.254,0,1]},{"frame":6,"values":[0.9741,-0.226,0,0,0.226,0.9741,0,0,0,0,1,0,0,1.254,0,1]},{"frame":7,"values":[0.9741,-0.226,0,0,0.226,0.9741,0,0,0,0,1,0,0,1.254,0,1]},{"frame":8,"values":[0.9741,-0.226,0,0,0.226,0.9741,0,0,0,0,1,0,0,1.254,0,1]},{"frame":9,"values":[0.9741,-0.226,0,0,0.226,0.9741,0,0,0,0,1,0,0,1.254,0,1]},{"frame":10,"values":[0.9741,-0.226,0,0,0.226,0.9741,0,0,0,0,1,0,0,1.254,0,1]},{"frame":11,"values":[0.9741,-0.226,0,0,0.226,0.9741,0,0,0,0,1,0,0,1.254,0,1]},{"frame":12,"values":[0.9741,-0.226,0,0,0.226,0.9741,0,0,0,0,1,0,0,1.254,0,1]},{"frame":13,"values":[0.9741,-0.226,0,0,0.226,0.9741,0,0,0,0,1,0,0,1.254,0,1]},{"frame":14,"values":[0.9741,-0.226,0,0,0.226,0.9741,0,0,0,0,1,0,0,1.254,0,1]},{"frame":15,"values":[0.9741,-0.226,0,0,0.226,0.9741,0,0,0,0,1,0,0,1.254,0,1]},{"frame":16,"values":[0.9741,-0.226,0,0,0.226,0.9741,0,0,0,0,1,0,0,1.254,0,1]},{"frame":17,"values":[0.9741,-0.226,0,0,0.226,0.9741,0,0,0,0,1,0,0,1.254,0,1]},{"frame":18,"values":[0.9741,-0.226,0,0,0.226,0.9741,0,0,0,0,1,0,0,1.254,0,1]},{"frame":19,"values":[0.9741,-0.226,0,0,0.226,0.9741,0,0,0,0,1,0,0,1.254,0,1]},{"frame":20,"values":[0.9741,-0.226,0,0,0.226,0.9741,0,0,0,0,1,0,0,1.254,0,1]},{"frame":21,"values":[0.9741,-0.226,0,0,0.226,0.9741,0,0,0,0,1,0,0,1.254,0,1]},{"frame":22,"values":[0.9741,-0.226,0,0,0.226,0.9741,0,0,0,0,1,0,0,1.254,0,1]},{"frame":23,"values":[0.9741,-0.226,0,0,0.226,0.9741,0,0,0,0,1,0,0,1.254,0,1]},{"frame":24,"values":[0.9741,-0.226,0,0,0.226,0.9741,0,0,0,0,1,0,0,1.254,0,1]},{"frame":25,"values":[0.9741,-0.226,0,0,0.226,0.9741,0,0,0,0,1,0,0,1.254,0,1]},{"frame":26,"values":[0.9741,-0.226,0,0,0.226,0.9741,0,0,0,0,1,0,0,1.254,0,1]},{"frame":27,"values":[0.9741,-0.226,0,0,0.226,0.9741,0,0,0,0,1,0,0,1.254,0,1]},{"frame":28,"values":[0.9741,-0.226,0,0,0.226,0.9741,0,0,0,0,1,0,0,1.254,0,1]},{"frame":29,"values":[0.9741,-0.226,0,0,0.226,0.9741,0,0,0,0,1,0,0,1.254,0,1]},{"frame":30,"values":[0.9741,-0.226,0,0,0.226,0.9741,0,0,0,0,1,0,0,1.254,0,1]},{"frame":31,"values":[0.9741,-0.226,0,0,0.226,0.9741,0,0,0,0,1,0,0,1.254,0,1]},{"frame":32,"values":[0.9741,-0.226,0,0,0.226,0.9741,0,0,0,0,1,0,0,1.254,0,1]},{"frame":33,"values":[0.9741,-0.226,0,0,0.226,0.9741,0,0,0,0,1,0,0,1.254,0,1]},{"frame":34,"values":[0.9741,-0.226,0,0,0.226,0.9741,0,0,0,0,1,0,0,1.254,0,1]},{"frame":35,"values":[0.9741,-0.226,0,0,0.226,0.9741,0,0,0,0,1,0,0,1.254,0,1]},{"frame":36,"values":[0.9741,-0.226,0,0,0.226,0.9741,0,0,0,0,1,0,0,1.254,0,1]},{"frame":37,"values":[0.9741,-0.226,0,0,0.226,0.9741,0,0,0,0,1,0,0,1.254,0,1]},{"frame":38,"values":[0.9741,-0.226,0,0,0.226,0.9741,0,0,0,0,1,0,0,1.254,0,1]},{"frame":39,"values":[0.9741,-0.226,0,0,0.226,0.9741,0,0,0,0,1,0,0,1.254,0,1]},{"frame":40,"values":[0.9741,-0.226,0,0,0.226,0.9741,0,0,0,0,1,0,0,1.254,0,1]},{"frame":41,"values":[0.9741,-0.226,0,0,0.226,0.9741,0,0,0,0,1,0,0,1.254,0,1]}],"loopBehavior":1,"name":"anim","property":"_matrix"}},
{"name":"middleFinger1.L","index":9,"matrix":[0.9588,0.2841,0,0,-0.2841,0.9588,0,0,0,0,1,0,0,0.4709,0,1],"parentBoneIndex":8,"animation":{"dataType":3,"framePerSecond":60,"keys":[{"frame":0,"values":[0.9588,0.2841,0,0,-0.2841,0.9588,0,0,0,0,1,0,0,0.4709,0,1]},{"frame":1,"values":[0.9588,0.2841,0,0,-0.2841,0.9588,0,0,0,0,1,0,0,0.4709,0,1]},{"frame":2,"values":[0.9588,0.2841,0,0,-0.2841,0.9588,0,0,0,0,1,0,0,0.4709,0,1]},{"frame":3,"values":[0.9588,0.2841,0,0,-0.2841,0.9588,0,0,0,0,1,0,0,0.4709,0,1]},{"frame":4,"values":[0.9588,0.2841,0,0,-0.2841,0.9588,0,0,0,0,1,0,0,0.4709,0,1]},{"frame":5,"values":[0.9588,0.2841,0,0,-0.2841,0.9588,0,0,0,0,1,0,0,0.4709,0,1]},{"frame":6,"values":[0.9588,0.2841,0,0,-0.2841,0.9588,0,0,0,0,1,0,0,0.4709,0,1]},{"frame":7,"values":[0.9588,0.2841,0,0,-0.2841,0.9588,0,0,0,0,1,0,0,0.4709,0,1]},{"frame":8,"values":[0.9588,0.2841,0,0,-0.2841,0.9588,0,0,0,0,1,0,0,0.4709,0,1]},{"frame":9,"values":[0.9588,0.2841,0,0,-0.2841,0.9588,0,0,0,0,1,0,0,0.4709,0,1]},{"frame":10,"values":[0.9588,0.2841,0,0,-0.2841,0.9588,0,0,0,0,1,0,0,0.4709,0,1]},{"frame":11,"values":[0.9588,0.2841,0,0,-0.2841,0.9588,0,0,0,0,1,0,0,0.4709,0,1]},{"frame":12,"values":[0.9588,0.2841,0,0,-0.2841,0.9588,0,0,0,0,1,0,0,0.4709,0,1]},{"frame":13,"values":[0.9588,0.2841,0,0,-0.2841,0.9588,0,0,0,0,1,0,0,0.4709,0,1]},{"frame":14,"values":[0.9588,0.2841,0,0,-0.2841,0.9588,0,0,0,0,1,0,0,0.4709,0,1]},{"frame":15,"values":[0.9588,0.2841,0,0,-0.2841,0.9588,0,0,0,0,1,0,0,0.4709,0,1]},{"frame":16,"values":[0.9588,0.2841,0,0,-0.2841,0.9588,0,0,0,0,1,0,0,0.4709,0,1]},{"frame":17,"values":[0.9588,0.2841,0,0,-0.2841,0.9588,0,0,0,0,1,0,0,0.4709,0,1]},{"frame":18,"values":[0.9588,0.2841,0,0,-0.2841,0.9588,0,0,0,0,1,0,0,0.4709,0,1]},{"frame":19,"values":[0.9588,0.2841,0,0,-0.2841,0.9588,0,0,0,0,1,0,0,0.4709,0,1]},{"frame":20,"values":[0.9588,0.2841,0,0,-0.2841,0.9588,0,0,0,0,1,0,0,0.4709,0,1]},{"frame":21,"values":[0.9588,0.2841,0,0,-0.2841,0.9588,0,0,0,0,1,0,0,0.4709,0,1]},{"frame":22,"values":[0.9588,0.2841,0,0,-0.2841,0.9588,0,0,0,0,1,0,0,0.4709,0,1]},{"frame":23,"values":[0.9588,0.2841,0,0,-0.2841,0.9588,0,0,0,0,1,0,0,0.4709,0,1]},{"frame":24,"values":[0.9588,0.2841,0,0,-0.2841,0.9588,0,0,0,0,1,0,0,0.4709,0,1]},{"frame":25,"values":[0.9588,0.2841,0,0,-0.2841,0.9588,0,0,0,0,1,0,0,0.4709,0,1]},{"frame":26,"values":[0.9588,0.2841,0,0,-0.2841,0.9588,0,0,0,0,1,0,0,0.4709,0,1]},{"frame":27,"values":[0.9588,0.2841,0,0,-0.2841,0.9588,0,0,0,0,1,0,0,0.4709,0,1]},{"frame":28,"values":[0.9588,0.2841,0,0,-0.2841,0.9588,0,0,0,0,1,0,0,0.4709,0,1]},{"frame":29,"values":[0.9588,0.2841,0,0,-0.2841,0.9588,0,0,0,0,1,0,0,0.4709,0,1]},{"frame":30,"values":[0.9588,0.2841,0,0,-0.2841,0.9588,0,0,0,0,1,0,0,0.4709,0,1]},{"frame":31,"values":[0.9588,0.2841,0,0,-0.2841,0.9588,0,0,0,0,1,0,0,0.4709,0,1]},{"frame":32,"values":[0.9588,0.2841,0,0,-0.2841,0.9588,0,0,0,0,1,0,0,0.4709,0,1]},{"frame":33,"values":[0.9588,0.2841,0,0,-0.2841,0.9588,0,0,0,0,1,0,0,0.4709,0,1]},{"frame":34,"values":[0.9588,0.2841,0,0,-0.2841,0.9588,0,0,0,0,1,0,0,0.4709,0,1]},{"frame":35,"values":[0.9588,0.2841,0,0,-0.2841,0.9588,0,0,0,0,1,0,0,0.4709,0,1]},{"frame":36,"values":[0.9588,0.2841,0,0,-0.2841,0.9588,0,0,0,0,1,0,0,0.4709,0,1]},{"frame":37,"values":[0.9588,0.2841,0,0,-0.2841,0.9588,0,0,0,0,1,0,0,0.4709,0,1]},{"frame":38,"values":[0.9588,0.2841,0,0,-0.2841,0.9588,0,0,0,0,1,0,0,0.4709,0,1]},{"frame":39,"values":[0.9588,0.2841,0,0,-0.2841,0.9588,0,0,0,0,1,0,0,0.4709,0,1]},{"frame":40,"values":[0.9588,0.2841,0,0,-0.2841,0.9588,0,0,0,0,1,0,0,0.4709,0,1]},{"frame":41,"values":[0.9588,0.2841,0,0,-0.2841,0.9588,0,0,0,0,1,0,0,0.4709,0,1]}],"loopBehavior":1,"name":"anim","property":"_matrix"}},
{"name":"middleFinger2.L","index":10,"matrix":[0.9972,0.0061,-0.0748,0,-0.0062,1,0,0,0.0748,0.0005,0.9972,0,0,0.2071,0,1],"parentBoneIndex":9,"animation":{"dataType":3,"framePerSecond":60,"keys":[{"frame":0,"values":[0.9972,0.0061,-0.0748,0,-0.0062,1,0,0,0.0748,0.0005,0.9972,0,0,0.2071,0,1]},{"frame":1,"values":[0.9972,0.0061,-0.0748,0,-0.0062,1,0,0,0.0748,0.0005,0.9972,0,0,0.2071,0,1]},{"frame":2,"values":[0.9972,0.0061,-0.0748,0,-0.0062,1,0,0,0.0748,0.0005,0.9972,0,0,0.2071,0,1]},{"frame":3,"values":[0.9972,0.0061,-0.0748,0,-0.0062,1,0,0,0.0748,0.0005,0.9972,0,0,0.2071,0,1]},{"frame":4,"values":[0.9972,0.0061,-0.0748,0,-0.0062,1,0,0,0.0748,0.0005,0.9972,0,0,0.2071,0,1]},{"frame":5,"values":[0.9972,0.0061,-0.0748,0,-0.0062,1,0,0,0.0748,0.0005,0.9972,0,0,0.2071,0,1]},{"frame":6,"values":[0.9972,0.0061,-0.0748,0,-0.0062,1,0,0,0.0748,0.0005,0.9972,0,0,0.2071,0,1]},{"frame":7,"values":[0.9972,0.0061,-0.0748,0,-0.0062,1,0,0,0.0748,0.0005,0.9972,0,0,0.2071,0,1]},{"frame":8,"values":[0.9972,0.0061,-0.0748,0,-0.0062,1,0,0,0.0748,0.0005,0.9972,0,0,0.2071,0,1]},{"frame":9,"values":[0.9972,0.0061,-0.0748,0,-0.0062,1,0,0,0.0748,0.0005,0.9972,0,0,0.2071,0,1]},{"frame":10,"values":[0.9972,0.0061,-0.0748,0,-0.0062,1,0,0,0.0748,0.0005,0.9972,0,0,0.2071,0,1]},{"frame":11,"values":[0.9972,0.0061,-0.0748,0,-0.0062,1,0,0,0.0748,0.0005,0.9972,0,0,0.2071,0,1]},{"frame":12,"values":[0.9973,0.0061,-0.0731,0,-0.0062,1,0,0,0.0731,0.0005,0.9973,0,0,0.2071,0,1]},{"frame":13,"values":[0.9977,0.0061,-0.0681,0,-0.0062,1,0,0,0.0681,0.0004,0.9977,0,0,0.2071,0,1]},{"frame":14,"values":[0.9982,0.0061,-0.06,0,-0.0062,1,0,0,0.06,0.0004,0.9982,0,0,0.2071,0,1]},{"frame":15,"values":[0.9988,0.0062,-0.0494,0,-0.0062,1,0,0,0.0494,0.0003,0.9988,0,0,0.2071,0,1]},{"frame":16,"values":[0.9993,0.0062,-0.0374,0,-0.0062,1,0,0,0.0374,0.0002,0.9993,0,0,0.2071,0,1]},{"frame":17,"values":[0.9997,0.0062,-0.0254,0,-0.0062,1,0,0,0.0254,0.0002,0.9997,0,0,0.2071,0,1]},{"frame":18,"values":[0.9999,0.0062,-0.0148,0,-0.0062,1,0,0,0.0148,0.0001,0.9999,0,0,0.2071,0,1]},{"frame":19,"values":[1,0.0062,-0.0067,0,-0.0062,1,0,0,0.0067,0,1,0,0,0.2071,0,1]},{"frame":20,"values":[1,0.0062,-0.0017,0,-0.0062,1,0,0,0.0017,0,1,0,0,0.2071,0,1]},{"frame":21,"values":[1,0.0062,0,0,-0.0062,1,0,0,0,0,1,0,0,0.2071,0,1]},{"frame":22,"values":[1,0.0062,0,0,-0.0062,1,0,0,0,0,1,0,0,0.2071,0,1]},{"frame":23,"values":[1,0.0062,0,0,-0.0062,1,0,0,0,0,1,0,0,0.2071,0,1]},{"frame":24,"values":[1,0.0062,0,0,-0.0062,1,0,0,0,0,1,0,0,0.2071,0,1]},{"frame":25,"values":[1,0.0062,0,0,-0.0062,1,0,0,0,0,1,0,0,0.2071,0,1]},{"frame":26,"values":[1,0.0062,0,0,-0.0062,1,0,0,0,0,1,0,0,0.2071,0,1]},{"frame":27,"values":[1,0.0062,0,0,-0.0062,1,0,0,0,0,1,0,0,0.2071,0,1]},{"frame":28,"values":[1,0.0062,0,0,-0.0062,1,0,0,0,0,1,0,0,0.2071,0,1]},{"frame":29,"values":[1,0.0062,0,0,-0.0062,1,0,0,0,0,1,0,0,0.2071,0,1]},{"frame":30,"values":[1,0.0062,0,0,-0.0062,1,0,0,0,0,1,0,0,0.2071,0,1]},{"frame":31,"values":[1,0.0062,0,0,-0.0062,1,0,0,0,0,1,0,0,0.2071,0,1]},{"frame":32,"values":[1,0.0062,-0.0017,0,-0.0062,1,0,0,0.0017,0,1,0,0,0.2071,0,1]},{"frame":33,"values":[1,0.0062,-0.0067,0,-0.0062,1,0,0,0.0067,0,1,0,0,0.2071,0,1]},{"frame":34,"values":[0.9999,0.0062,-0.0148,0,-0.0062,1,0,0,0.0148,0.0001,0.9999,0,0,0.2071,0,1]},{"frame":35,"values":[0.9997,0.0062,-0.0254,0,-0.0062,1,0,0,0.0254,0.0002,0.9997,0,0,0.2071,0,1]},{"frame":36,"values":[0.9993,0.0062,-0.0374,0,-0.0062,1,0,0,0.0374,0.0002,0.9993,0,0,0.2071,0,1]},{"frame":37,"values":[0.9988,0.0062,-0.0494,0,-0.0062,1,0,0,0.0494,0.0003,0.9988,0,0,0.2071,0,1]},{"frame":38,"values":[0.9982,0.0061,-0.06,0,-0.0062,1,0,0,0.06,0.0004,0.9982,0,0,0.2071,0,1]},{"frame":39,"values":[0.9977,0.0061,-0.0681,0,-0.0062,1,0,0,0.0681,0.0004,0.9977,0,0,0.2071,0,1]},{"frame":40,"values":[0.9973,0.0061,-0.0731,0,-0.0062,1,0,0,0.0731,0.0005,0.9973,0,0,0.2071,0,1]},{"frame":41,"values":[0.9972,0.0061,-0.0748,0,-0.0062,1,0,0,0.0748,0.0005,0.9972,0,0,0.2071,0,1]}],"loopBehavior":1,"name":"anim","property":"_matrix"}},
{"name":"thumb1.L","index":11,"matrix":[0.95,0.3122,0,0,-0.2827,0.8602,-0.4244,0,-0.1325,0.4032,0.9055,0,0,1.254,0,1],"parentBoneIndex":7,"animation":{"dataType":3,"framePerSecond":60,"keys":[{"frame":0,"values":[0.95,0.3122,0,0,-0.2827,0.8602,-0.4244,0,-0.1325,0.4032,0.9055,0,0,1.254,0,1]},{"frame":1,"values":[0.95,0.3122,0,0,-0.2827,0.8602,-0.4244,0,-0.1325,0.4032,0.9055,0,0,1.254,0,1]},{"frame":2,"values":[0.95,0.3122,0,0,-0.2827,0.8602,-0.4244,0,-0.1325,0.4032,0.9055,0,0,1.254,0,1]},{"frame":3,"values":[0.95,0.3122,0,0,-0.2827,0.8602,-0.4244,0,-0.1325,0.4032,0.9055,0,0,1.254,0,1]},{"frame":4,"values":[0.95,0.3122,0,0,-0.2827,0.8602,-0.4244,0,-0.1325,0.4032,0.9055,0,0,1.254,0,1]},{"frame":5,"values":[0.95,0.3122,0,0,-0.2827,0.8602,-0.4244,0,-0.1325,0.4032,0.9055,0,0,1.254,0,1]},{"frame":6,"values":[0.95,0.3122,0,0,-0.2827,0.8602,-0.4244,0,-0.1325,0.4032,0.9055,0,0,1.254,0,1]},{"frame":7,"values":[0.95,0.3122,0,0,-0.2827,0.8602,-0.4244,0,-0.1325,0.4032,0.9055,0,0,1.254,0,1]},{"frame":8,"values":[0.95,0.3122,0,0,-0.2827,0.8602,-0.4244,0,-0.1325,0.4032,0.9055,0,0,1.254,0,1]},{"frame":9,"values":[0.95,0.3122,0,0,-0.2827,0.8602,-0.4244,0,-0.1325,0.4032,0.9055,0,0,1.254,0,1]},{"frame":10,"values":[0.95,0.3122,0,0,-0.2827,0.8602,-0.4244,0,-0.1325,0.4032,0.9055,0,0,1.254,0,1]},{"frame":11,"values":[0.95,0.3122,0,0,-0.2827,0.8602,-0.4244,0,-0.1325,0.4032,0.9055,0,0,1.254,0,1]},{"frame":12,"values":[0.95,0.3122,0,0,-0.2827,0.8602,-0.4244,0,-0.1325,0.4032,0.9055,0,0,1.254,0,1]},{"frame":13,"values":[0.95,0.3122,0,0,-0.2827,0.8602,-0.4244,0,-0.1325,0.4032,0.9055,0,0,1.254,0,1]},{"frame":14,"values":[0.95,0.3122,0,0,-0.2827,0.8602,-0.4244,0,-0.1325,0.4032,0.9055,0,0,1.254,0,1]},{"frame":15,"values":[0.95,0.3122,0,0,-0.2827,0.8602,-0.4244,0,-0.1325,0.4032,0.9055,0,0,1.254,0,1]},{"frame":16,"values":[0.95,0.3122,0,0,-0.2827,0.8602,-0.4244,0,-0.1325,0.4032,0.9055,0,0,1.254,0,1]},{"frame":17,"values":[0.95,0.3122,0,0,-0.2827,0.8602,-0.4244,0,-0.1325,0.4032,0.9055,0,0,1.254,0,1]},{"frame":18,"values":[0.95,0.3122,0,0,-0.2827,0.8602,-0.4244,0,-0.1325,0.4032,0.9055,0,0,1.254,0,1]},{"frame":19,"values":[0.95,0.3122,0,0,-0.2827,0.8602,-0.4244,0,-0.1325,0.4032,0.9055,0,0,1.254,0,1]},{"frame":20,"values":[0.95,0.3122,0,0,-0.2827,0.8602,-0.4244,0,-0.1325,0.4032,0.9055,0,0,1.254,0,1]},{"frame":21,"values":[0.95,0.3122,0,0,-0.2827,0.8602,-0.4244,0,-0.1325,0.4032,0.9055,0,0,1.254,0,1]},{"frame":22,"values":[0.95,0.3122,0,0,-0.2827,0.8602,-0.4244,0,-0.1325,0.4032,0.9055,0,0,1.254,0,1]},{"frame":23,"values":[0.95,0.3122,0,0,-0.2827,0.8602,-0.4244,0,-0.1325,0.4032,0.9055,0,0,1.254,0,1]},{"frame":24,"values":[0.95,0.3122,0,0,-0.2827,0.8602,-0.4244,0,-0.1325,0.4032,0.9055,0,0,1.254,0,1]},{"frame":25,"values":[0.95,0.3122,0,0,-0.2827,0.8602,-0.4244,0,-0.1325,0.4032,0.9055,0,0,1.254,0,1]},{"frame":26,"values":[0.95,0.3122,0,0,-0.2827,0.8602,-0.4244,0,-0.1325,0.4032,0.9055,0,0,1.254,0,1]},{"frame":27,"values":[0.95,0.3122,0,0,-0.2827,0.8602,-0.4244,0,-0.1325,0.4032,0.9055,0,0,1.254,0,1]},{"frame":28,"values":[0.95,0.3122,0,0,-0.2827,0.8602,-0.4244,0,-0.1325,0.4032,0.9055,0,0,1.254,0,1]},{"frame":29,"values":[0.95,0.3122,0,0,-0.2827,0.8602,-0.4244,0,-0.1325,0.4032,0.9055,0,0,1.254,0,1]},{"frame":30,"values":[0.95,0.3122,0,0,-0.2827,0.8602,-0.4244,0,-0.1325,0.4032,0.9055,0,0,1.254,0,1]},{"frame":31,"values":[0.95,0.3122,0,0,-0.2827,0.8602,-0.4244,0,-0.1325,0.4032,0.9055,0,0,1.254,0,1]},{"frame":32,"values":[0.95,0.3122,0,0,-0.2827,0.8602,-0.4244,0,-0.1325,0.4032,0.9055,0,0,1.254,0,1]},{"frame":33,"values":[0.95,0.3122,0,0,-0.2827,0.8602,-0.4244,0,-0.1325,0.4032,0.9055,0,0,1.254,0,1]},{"frame":34,"values":[0.95,0.3122,0,0,-0.2827,0.8602,-0.4244,0,-0.1325,0.4032,0.9055,0,0,1.254,0,1]},{"frame":35,"values":[0.95,0.3122,0,0,-0.2827,0.8602,-0.4244,0,-0.1325,0.4032,0.9055,0,0,1.254,0,1]},{"frame":36,"values":[0.95,0.3122,0,0,-0.2827,0.8602,-0.4244,0,-0.1325,0.4032,0.9055,0,0,1.254,0,1]},{"frame":37,"values":[0.95,0.3122,0,0,-0.2827,0.8602,-0.4244,0,-0.1325,0.4032,0.9055,0,0,1.254,0,1]},{"frame":38,"values":[0.95,0.3122,0,0,-0.2827,0.8602,-0.4244,0,-0.1325,0.4032,0.9055,0,0,1.254,0,1]},{"frame":39,"values":[0.95,0.3122,0,0,-0.2827,0.8602,-0.4244,0,-0.1325,0.4032,0.9055,0,0,1.254,0,1]},{"frame":40,"values":[0.95,0.3122,0,0,-0.2827,0.8602,-0.4244,0,-0.1325,0.4032,0.9055,0,0,1.254,0,1]},{"frame":41,"values":[0.95,0.3122,0,0,-0.2827,0.8602,-0.4244,0,-0.1325,0.4032,0.9055,0,0,1.254,0,1]}],"loopBehavior":1,"name":"anim","property":"_matrix"}},
{"name":"thumb2.L","index":12,"matrix":[0.9371,-0.316,-0.1481,0,0.349,0.8485,0.3977,0,0,-0.4244,0.9055,0,0,0.4365,0,1],"parentBoneIndex":11,"animation":{"dataType":3,"framePerSecond":60,"keys":[{"frame":0,"values":[0.9371,-0.316,-0.1481,0,0.349,0.8485,0.3977,0,0,-0.4244,0.9055,0,0,0.4365,0,1]},{"frame":1,"values":[0.9371,-0.316,-0.1481,0,0.349,0.8485,0.3977,0,0,-0.4244,0.9055,0,0,0.4365,0,1]},{"frame":2,"values":[0.9371,-0.316,-0.1481,0,0.349,0.8485,0.3977,0,0,-0.4244,0.9055,0,0,0.4365,0,1]},{"frame":3,"values":[0.9371,-0.316,-0.1481,0,0.349,0.8485,0.3977,0,0,-0.4244,0.9055,0,0,0.4365,0,1]},{"frame":4,"values":[0.9371,-0.316,-0.1481,0,0.349,0.8485,0.3977,0,0,-0.4244,0.9055,0,0,0.4365,0,1]},{"frame":5,"values":[0.9371,-0.316,-0.1481,0,0.349,0.8485,0.3977,0,0,-0.4244,0.9055,0,0,0.4365,0,1]},{"frame":6,"values":[0.9371,-0.316,-0.1481,0,0.349,0.8485,0.3977,0,0,-0.4244,0.9055,0,0,0.4365,0,1]},{"frame":7,"values":[0.9371,-0.316,-0.1481,0,0.349,0.8485,0.3977,0,0,-0.4244,0.9055,0,0,0.4365,0,1]},{"frame":8,"values":[0.9371,-0.316,-0.1481,0,0.349,0.8485,0.3977,0,0,-0.4244,0.9055,0,0,0.4365,0,1]},{"frame":9,"values":[0.9371,-0.316,-0.1481,0,0.349,0.8485,0.3977,0,0,-0.4244,0.9055,0,0,0.4365,0,1]},{"frame":10,"values":[0.9371,-0.316,-0.1481,0,0.349,0.8485,0.3977,0,0,-0.4244,0.9055,0,0,0.4365,0,1]},{"frame":11,"values":[0.9371,-0.316,-0.1481,0,0.349,0.8485,0.3977,0,0,-0.4244,0.9055,0,0,0.4365,0,1]},{"frame":12,"values":[0.9371,-0.316,-0.1481,0,0.349,0.8485,0.3977,0,0,-0.4244,0.9055,0,0,0.4365,0,1]},{"frame":13,"values":[0.9371,-0.316,-0.1481,0,0.349,0.8485,0.3977,0,0,-0.4244,0.9055,0,0,0.4365,0,1]},{"frame":14,"values":[0.9371,-0.316,-0.1481,0,0.349,0.8485,0.3977,0,0,-0.4244,0.9055,0,0,0.4365,0,1]},{"frame":15,"values":[0.9371,-0.316,-0.1481,0,0.349,0.8485,0.3977,0,0,-0.4244,0.9055,0,0,0.4365,0,1]},{"frame":16,"values":[0.9371,-0.316,-0.1481,0,0.349,0.8485,0.3977,0,0,-0.4244,0.9055,0,0,0.4365,0,1]},{"frame":17,"values":[0.9371,-0.316,-0.1481,0,0.349,0.8485,0.3977,0,0,-0.4244,0.9055,0,0,0.4365,0,1]},{"frame":18,"values":[0.9371,-0.316,-0.1481,0,0.349,0.8485,0.3977,0,0,-0.4244,0.9055,0,0,0.4365,0,1]},{"frame":19,"values":[0.9371,-0.316,-0.1481,0,0.349,0.8485,0.3977,0,0,-0.4244,0.9055,0,0,0.4365,0,1]},{"frame":20,"values":[0.9371,-0.316,-0.1481,0,0.349,0.8485,0.3977,0,0,-0.4244,0.9055,0,0,0.4365,0,1]},{"frame":21,"values":[0.9371,-0.316,-0.1481,0,0.349,0.8485,0.3977,0,0,-0.4244,0.9055,0,0,0.4365,0,1]},{"frame":22,"values":[0.9371,-0.316,-0.1481,0,0.349,0.8485,0.3977,0,0,-0.4244,0.9055,0,0,0.4365,0,1]},{"frame":23,"values":[0.9371,-0.316,-0.1481,0,0.349,0.8485,0.3977,0,0,-0.4244,0.9055,0,0,0.4365,0,1]},{"frame":24,"values":[0.9371,-0.316,-0.1481,0,0.349,0.8485,0.3977,0,0,-0.4244,0.9055,0,0,0.4365,0,1]},{"frame":25,"values":[0.9371,-0.316,-0.1481,0,0.349,0.8485,0.3977,0,0,-0.4244,0.9055,0,0,0.4365,0,1]},{"frame":26,"values":[0.9371,-0.316,-0.1481,0,0.349,0.8485,0.3977,0,0,-0.4244,0.9055,0,0,0.4365,0,1]},{"frame":27,"values":[0.9371,-0.316,-0.1481,0,0.349,0.8485,0.3977,0,0,-0.4244,0.9055,0,0,0.4365,0,1]},{"frame":28,"values":[0.9371,-0.316,-0.1481,0,0.349,0.8485,0.3977,0,0,-0.4244,0.9055,0,0,0.4365,0,1]},{"frame":29,"values":[0.9371,-0.316,-0.1481,0,0.349,0.8485,0.3977,0,0,-0.4244,0.9055,0,0,0.4365,0,1]},{"frame":30,"values":[0.9371,-0.316,-0.1481,0,0.349,0.8485,0.3977,0,0,-0.4244,0.9055,0,0,0.4365,0,1]},{"frame":31,"values":[0.9371,-0.316,-0.1481,0,0.349,0.8485,0.3977,0,0,-0.4244,0.9055,0,0,0.4365,0,1]},{"frame":32,"values":[0.9371,-0.316,-0.1481,0,0.349,0.8485,0.3977,0,0,-0.4244,0.9055,0,0,0.4365,0,1]},{"frame":33,"values":[0.9371,-0.316,-0.1481,0,0.349,0.8485,0.3977,0,0,-0.4244,0.9055,0,0,0.4365,0,1]},{"frame":34,"values":[0.9371,-0.316,-0.1481,0,0.349,0.8485,0.3977,0,0,-0.4244,0.9055,0,0,0.4365,0,1]},{"frame":35,"values":[0.9371,-0.316,-0.1481,0,0.349,0.8485,0.3977,0,0,-0.4244,0.9055,0,0,0.4365,0,1]},{"frame":36,"values":[0.9371,-0.316,-0.1481,0,0.349,0.8485,0.3977,0,0,-0.4244,0.9055,0,0,0.4365,0,1]},{"frame":37,"values":[0.9371,-0.316,-0.1481,0,0.349,0.8485,0.3977,0,0,-0.4244,0.9055,0,0,0.4365,0,1]},{"frame":38,"values":[0.9371,-0.316,-0.1481,0,0.349,0.8485,0.3977,0,0,-0.4244,0.9055,0,0,0.4365,0,1]},{"frame":39,"values":[0.9371,-0.316,-0.1481,0,0.349,0.8485,0.3977,0,0,-0.4244,0.9055,0,0,0.4365,0,1]},{"frame":40,"values":[0.9371,-0.316,-0.1481,0,0.349,0.8485,0.3977,0,0,-0.4244,0.9055,0,0,0.4365,0,1]},{"frame":41,"values":[0.9371,-0.316,-0.1481,0,0.349,0.8485,0.3977,0,0,-0.4244,0.9055,0,0,0.4365,0,1]}],"loopBehavior":1,"name":"anim","property":"_matrix"}},
{"name":"shoulder.R","index":13,"matrix":[0,0,-1,0,-0.949,-0.3152,0,0,-0.3152,0.949,0,0,0,1.3877,0,1],"parentBoneIndex":2,"animation":{"dataType":3,"framePerSecond":60,"keys":[{"frame":0,"values":[0,0,-1,0,-0.949,-0.3152,0,0,-0.3152,0.949,0,0,0,1.3877,0,1]},{"frame":41,"values":[0,0,-1,0,-0.949,-0.3152,0,0,-0.3152,0.949,0,0,0,1.3877,0,1]}],"loopBehavior":1,"name":"anim","property":"_matrix"}},
{"name":"bicep.R","index":14,"matrix":[0.0146,-0.8495,-0.5273,0,0.0608,0.5271,-0.8476,0,0.998,-0.0197,0.0593,0,0,1.0537,0,1],"parentBoneIndex":13,"animation":{"dataType":3,"framePerSecond":60,"keys":[{"frame":0,"values":[0.0146,-0.8495,-0.5273,0,0.0608,0.5271,-0.8476,0,0.998,-0.0197,0.0593,0,0,1.0537,0,1]},{"frame":1,"values":[0.0142,-0.8495,-0.5273,0,0.0592,0.5272,-0.8477,0,0.9981,-0.0192,0.0578,0,0,1.0537,0,1]},{"frame":2,"values":[0.0131,-0.8495,-0.5274,0,0.0545,0.5273,-0.848,0,0.9984,-0.0177,0.0531,0,0,1.0537,0,1]},{"frame":3,"values":[0.0112,-0.8495,-0.5275,0,0.0466,0.5274,-0.8483,0,0.9988,-0.0151,0.0455,0,0,1.0537,0,1]},{"frame":4,"values":[0.0087,-0.8495,-0.5276,0,0.0362,0.5275,-0.8488,0,0.9993,-0.0117,0.0353,0,0,1.0537,0,1]},{"frame":5,"values":[0.0058,-0.8494,-0.5277,0,0.024,0.5277,-0.8491,0,0.9997,-0.0078,0.0234,0,0,1.0537,0,1]},{"frame":6,"values":[0.0027,-0.8494,-0.5277,0,0.0111,0.5277,-0.8493,0,0.9999,-0.0036,0.0109,0,0,1.0537,0,1]},{"frame":7,"values":[-0.0003,-0.8494,-0.5277,0,-0.0011,0.5277,-0.8494,0,1,0.0003,-0.001,0,0,1.0537,0,1]},{"frame":8,"values":[-0.0028,-0.8494,-0.5277,0,-0.0115,0.5277,-0.8493,0,0.9999,0.0037,-0.0112,0,0,1.0537,0,1]},{"frame":9,"values":[-0.0046,-0.8494,-0.5277,0,-0.0193,0.5277,-0.8492,0,0.9998,0.0063,-0.0189,0,0,1.0537,0,1]},{"frame":10,"values":[-0.0058,-0.8494,-0.5277,0,-0.0241,0.5276,-0.8491,0,0.9997,0.0078,-0.0235,0,0,1.0537,0,1]},{"frame":11,"values":[-0.0062,-0.8494,-0.5277,0,-0.0257,0.5276,-0.8491,0,0.9997,0.0083,-0.0251,0,0,1.0537,0,1]},{"frame":12,"values":[-0.0048,-0.8494,-0.5277,0,-0.0201,0.5277,-0.8492,0,0.9998,0.0065,-0.0196,0,0,1.0537,0,1]},{"frame":13,"values":[-0.0007,-0.8494,-0.5277,0,-0.003,0.5277,-0.8494,0,1,0.001,-0.0029,0,0,1.0537,0,1]},{"frame":14,"values":[0.0062,-0.8494,-0.5277,0,0.0258,0.5276,-0.8491,0,0.9996,-0.0084,0.0252,0,0,1.0537,0,1]},{"frame":15,"values":[0.0156,-0.8496,-0.5272,0,0.0651,0.5271,-0.8473,0,0.9978,-0.0211,0.0636,0,0,1.0537,0,1]},{"frame":16,"values":[0.0269,-0.8499,-0.5263,0,0.1122,0.5257,-0.8432,0,0.9933,-0.0364,0.1095,0,0,1.0537,0,1]},{"frame":17,"values":[0.039,-0.8504,-0.5246,0,0.1629,0.5234,-0.8364,0,0.9859,-0.0528,0.1589,0,0,1.0537,0,1]},{"frame":18,"values":[0.051,-0.8512,-0.5224,0,0.2127,0.5203,-0.8271,0,0.9758,-0.0689,0.2076,0,0,1.0537,0,1]},{"frame":19,"values":[0.0618,-0.852,-0.5198,0,0.258,0.5168,-0.8163,0,0.9642,-0.0836,0.2518,0,0,1.0537,0,1]},{"frame":20,"values":[0.0711,-0.8529,-0.5172,0,0.2964,0.5132,-0.8055,0,0.9524,-0.0961,0.2893,0,0,1.0537,0,1]},{"frame":21,"values":[0.0784,-0.8537,-0.5149,0,0.3271,0.5099,-0.7956,0,0.9417,-0.106,0.3192,0,0,1.0537,0,1]},{"frame":22,"values":[0.0849,-0.8545,-0.5125,0,0.3542,0.5067,-0.786,0,0.9313,-0.1148,0.3457,0,0,1.0537,0,1]},{"frame":23,"values":[0.0916,-0.8553,-0.51,0,0.382,0.5031,-0.7752,0,0.9196,-0.1238,0.3728,0,0,1.0537,0,1]},{"frame":24,"values":[0.0982,-0.8562,-0.5072,0,0.4097,0.4992,-0.7635,0,0.9069,-0.1328,0.3998,0,0,1.0537,0,1]},{"frame":25,"values":[0.1046,-0.8572,-0.5042,0,0.4361,0.4952,-0.7514,0,0.8938,-0.1414,0.4256,0,0,1.0537,0,1]},{"frame":26,"values":[0.1103,-0.8581,-0.5014,0,0.46,0.4913,-0.7396,0,0.881,-0.1491,0.449,0,0,1.0537,0,1]},{"frame":27,"values":[0.1151,-0.859,-0.4989,0,0.4802,0.4878,-0.729,0,0.8696,-0.1556,0.4686,0,0,1.0537,0,1]},{"frame":28,"values":[0.1189,-0.8597,-0.4968,0,0.4958,0.4849,-0.7204,0,0.8603,-0.1607,0.4839,0,0,1.0537,0,1]},{"frame":29,"values":[0.1214,-0.8602,-0.4954,0,0.5066,0.4829,-0.7143,0,0.8536,-0.1642,0.4944,0,0,1.0537,0,1]},{"frame":30,"values":[0.1229,-0.8604,-0.4945,0,0.5127,0.4817,-0.7107,0,0.8497,-0.1662,0.5004,0,0,1.0537,0,1]},{"frame":31,"values":[0.1234,-0.8605,-0.4942,0,0.5147,0.4813,-0.7096,0,0.8485,-0.1668,0.5023,0,0,1.0537,0,1]},{"frame":32,"values":[0.1212,-0.8601,-0.4955,0,0.5057,0.483,-0.7148,0,0.8542,-0.1639,0.4935,0,0,1.0537,0,1]},{"frame":33,"values":[0.1146,-0.8589,-0.4992,0,0.4782,0.4881,-0.7301,0,0.8708,-0.155,0.4666,0,0,1.0537,0,1]},{"frame":34,"values":[0.1036,-0.8571,-0.5047,0,0.4321,0.4958,-0.7533,0,0.8958,-0.1401,0.4217,0,0,1.0537,0,1]},{"frame":35,"values":[0.0887,-0.8549,-0.5111,0,0.3698,0.5047,-0.7801,0,0.9249,-0.1199,0.3609,0,0,1.0537,0,1]},{"frame":36,"values":[0.0711,-0.8529,-0.5172,0,0.2968,0.5131,-0.8054,0,0.9523,-0.0962,0.2896,0,0,1.0537,0,1]},{"frame":37,"values":[0.0532,-0.8513,-0.5219,0,0.2219,0.5197,-0.8251,0,0.9736,-0.0719,0.2165,0,0,1.0537,0,1]},{"frame":38,"values":[0.0371,-0.8503,-0.5249,0,0.1547,0.5238,-0.8376,0,0.9873,-0.0502,0.151,0,0,1.0537,0,1]},{"frame":39,"values":[0.0247,-0.8498,-0.5265,0,0.1031,0.526,-0.8442,0,0.9944,-0.0334,0.1006,0,0,1.0537,0,1]},{"frame":40,"values":[0.0171,-0.8496,-0.5271,0,0.0714,0.5269,-0.8469,0,0.9973,-0.0231,0.0696,0,0,1.0537,0,1]},{"frame":41,"values":[0.0146,-0.8495,-0.5273,0,0.0608,0.5271,-0.8476,0,0.998,-0.0197,0.0593,0,0,1.0537,0,1]}],"loopBehavior":1,"name":"anim","property":"_matrix"}},
