{"autoClear":true,"clearColor":[0,0,0],"ambientColor":[0,0,0],"gravity":[0,-9.81,0],
"materials":[{"name":"FlyingBook.Material","id":"FlyingBook.Material","ambient":[0.8,0.8,0.8],"diffuse":[0.64,0.64,0.64],"specular":[0,0,0],"emissive":[0,0,0],"specularPower":50,"alpha":1,"backFaceCulling":true, "diffuseTexture":{"name":"Book_Face.png","level":1,"hasAlpha":1,"coordinatesMode":0,"uOffset":0,"vOffset":0,"uScale":1,"vScale":1,"uAng":0,"vAng":0,"wAng":0,"wrapU":1,"wrapV":1,"coordinatesIndex":0}}],
"multiMaterials":[],
"skeletons":[{"name":"Armature","id":0,"bones":[
{"name":"Spine","index":0,"matrix":[1,0,0,0,0,-0.3282,-0.9446,0,0,-0.9446,0.3282,0,0,1.452,0.4899,1],"parentBoneIndex":-1,"animation":{"dataType":3,"framePerSecond":30,"keys":[{"frame":0,"values":[1,0,0,0,0,-0.3282,-0.9446,0,0,-0.9446,0.3282,0,0,1.452,0.4899,1]},{"frame":1,"values":[1,0,0,0,0,-0.3282,-0.9446,0,0,-0.9446,0.3282,0,0,1.4473,0.4899,1]},{"frame":2,"values":[1,0,0,0,0,-0.3282,-0.9446,0,0,-0.9446,0.3282,0,0,1.4332,0.4899,1]},{"frame":3,"values":[1,0,0,0,0,-0.3282,-0.9446,0,0,-0.9446,0.3282,0,0,1.4096,0.4899,1]},{"frame":4,"values":[1,0,0,0,0,-0.3282,-0.9446,0,0,-0.9446,0.3282,0,0,1.3772,0.4899,1]},{"frame":5,"values":[1,0,0,0,0,-0.3282,-0.9446,0,0,-0.9446,0.3282,0,0,1.3369,0.4899,1]},{"frame":6,"values":[1,0,0,0,0,-0.3282,-0.9446,0,0,-0.9446,0.3282,0,0,1.2904,0.4899,1]},{"frame":7,"values":[1,0,0,0,0,-0.3282,-0.9446,0,0,-0.9446,0.3282,0,0,1.2398,0.4899,1]},{"frame":8,"values":[1,0,0,0,0,-0.3282,-0.9446,0,0,-0.9446,0.3282,0,0,1.1878,0.4899,1]},{"frame":9,"values":[1,0,0,0,0,-0.3282,-0.9446,0,0,-0.9446,0.3282,0,0,1.1372,0.4899,1]},{"frame":10,"values":[1,0,0,0,0,-0.3282,-0.9446,0,0,-0.9446,0.3282,0,0,1.0906,0.4899,1]},{"frame":11,"values":[1,0,0,0,0,-0.3282,-0.9446,0,0,-0.9446,0.3282,0,0,1.0503,0.4899,1]},{"frame":12,"values":[1,0,0,0,0,-0.3282,-0.9446,0,0,-0.9446,0.3282,0,0,1.0179,0.4899,1]},{"frame":13,"values":[1,0,0,0,0,-0.3282,-0.9446,0,0,-0.9446,0.3282,0,0,0.9943,0.4899,1]},{"frame":14,"values":[1,0,0,0,0,-0.3282,-0.9446,0,0,-0.9446,0.3282,0,0,0.9802,0.4899,1]},{"frame":15,"values":[1,0,0,0,0,-0.3282,-0.9446,0,0,-0.9446,0.3282,0,0,0.9755,0.4899,1]},{"frame":16,"values":[1,0,0,0,0,-0.3282,-0.9446,0,0,-0.9446,0.3282,0,0,0.9802,0.4899,1]},{"frame":17,"values":[1,0,0,0,0,-0.3282,-0.9446,0,0,-0.9446,0.3282,0,0,0.9943,0.4899,1]},{"frame":18,"values":[1,0,0,0,0,-0.3282,-0.9446,0,0,-0.9446,0.3282,0,0,1.0179,0.4899,1]},{"frame":19,"values":[1,0,0,0,0,-0.3282,-0.9446,0,0,-0.9446,0.3282,0,0,1.0503,0.4899,1]},{"frame":20,"values":[1,0,0,0,0,-0.3282,-0.9446,0,0,-0.9446,0.3282,0,0,1.0906,0.4899,1]},{"frame":21,"values":[1,0,0,0,0,-0.3282,-0.9446,0,0,-0.9446,0.3282,0,0,1.1372,0.4899,1]},{"frame":22,"values":[1,0,0,0,0,-0.3282,-0.9446,0,0,-0.9446,0.3282,0,0,1.1878,0.4899,1]},{"frame":23,"values":[1,0,0,0,0,-0.3282,-0.9446,0,0,-0.9446,0.3282,0,0,1.2398,0.4899,1]},{"frame":24,"values":[1,0,0,0,0,-0.3282,-0.9446,0,0,-0.9446,0.3282,0,0,1.2904,0.4899,1]},{"frame":25,"values":[1,0,0,0,0,-0.3282,-0.9446,0,0,-0.9446,0.3282,0,0,1.3369,0.4899,1]},{"frame":26,"values":[1,0,0,0,0,-0.3282,-0.9446,0,0,-0.9446,0.3282,0,0,1.3772,0.4899,1]},{"frame":27,"values":[1,0,0,0,0,-0.3282,-0.9446,0,0,-0.9446,0.3282,0,0,1.4096,0.4899,1]},{"frame":28,"values":[1,0,0,0,0,-0.3282,-0.9446,0,0,-0.9446,0.3282,0,0,1.4332,0.4899,1]},{"frame":29,"values":[1,0,0,0,0,-0.3282,-0.9446,0,0,-0.9446,0.3282,0,0,1.4473,0.4899,1]},{"frame":30,"values":[1,0,0,0,0,-0.3282,-0.9446,0,0,-0.9446,0.3282,0,0,1.452,0.4899,1]},{"frame":31,"values":[1,0,0,0,0,-0.3197,-0.9475,0,0,-0.9475,0.3197,0,0,1.444,0.4872,1]},{"frame":32,"values":[1,0,0,0,0,-0.2935,-0.956,0,0,-0.956,0.2935,0,0,1.4198,0.479,1]},{"frame":33,"values":[1,0,0,0,0,-0.2485,-0.9686,0,0,-0.9686,0.2485,0,0,1.3794,0.4654,1]},{"frame":34,"values":[1,0,0,0,0,-0.1831,-0.9831,0,0,-0.9831,0.1831,0,0,1.3229,0.4463,1]},{"frame":35,"values":[1,0,0,0,0,-0.0961,-0.9954,0,0,-0.9954,0.0961,0,0,1.2512,0.4221,1]},{"frame":36,"values":[1,0,0,0,0,0.0129,-0.9999,0,0,-0.9999,-0.0129,0,0,1.1654,0.3932,1]},{"frame":37,"values":[1,0,0,0,0,0.1418,-0.9899,0,0,-0.9899,-0.1418,0,0,1.0673,0.3601,1]},{"frame":38,"values":[1,0,0,0,0,0.2855,-0.9584,0,0,-0.9584,-0.2855,0,0,0.9594,0.3237,1]},{"frame":39,"values":[1,0,0,0,0,0.4351,-0.9004,0,0,-0.9004,-0.4351,0,0,0.8445,0.2849,1]},{"frame":40,"values":[1,0,0,0,0,0.5796,-0.8149,0,0,-0.8149,-0.5796,0,0,0.726,0.2449,1]},{"frame":41,"values":[1,0,0,0,0,0.7077,-0.7065,0,0,-0.7065,-0.7077,0,0,0.6075,0.205,1]},{"frame":42,"values":[1,0,0,0,0,0.8116,-0.5842,0,0,-0.5842,-0.8116,0,0,0.4926,0.1662,1]},{"frame":43,"values":[1,0,0,0,0,0.8885,-0.4588,0,0,-0.4588,-0.8885,0,0,0.3847,0.1298,1]},{"frame":44,"values":[1,0,0,0,0,0.9403,-0.3403,0,0,-0.3403,-0.9403,0,0,0.2866,0.0967,1]},{"frame":45,"values":[1,0,0,0,0,0.9718,-0.2359,0,0,-0.2359,-0.9718,0,0,0.2008,0.0677,1]},{"frame":46,"values":[1,0,0,0,0,0.9887,-0.1497,0,0,-0.1497,-0.9887,0,0,0.1291,0.0435,1]},{"frame":47,"values":[1,0,0,0,0,0.9965,-0.0831,0,0,-0.0831,-0.9965,0,0,0.0726,0.0245,1]},{"frame":48,"values":[1,0,0,0,0,0.9993,-0.0365,0,0,-0.0365,-0.9993,0,0,0.0322,0.0109,1]},{"frame":49,"values":[1,0,0,0,0,1,-0.009,0,0,-0.009,-1,0,0,0.008,0.0027,1]},{"frame":50,"values":[1,0,0,0,0,1,0,0,0,0,-1,0,0,0,0,1]},{"frame":71,"values":[1,0,0,0,0,0.9993,-0.0365,0,0,-0.0365,-0.9993,0,0,0.0322,0.0109,1]},{"frame":72,"values":[1,0,0,0,0,0.9887,-0.1497,0,0,-0.1497,-0.9887,0,0,0.1291,0.0435,1]},{"frame":73,"values":[1,0,0,0,0,0.9403,-0.3403,0,0,-0.3403,-0.9403,0,0,0.2866,0.0967,1]},{"frame":74,"values":[1,0,0,0,0,0.8116,-0.5842,0,0,-0.5842,-0.8116,0,0,0.4926,0.1662,1]},{"frame":75,"values":[1,0,0,0,0,0.5796,-0.8149,0,0,-0.8149,-0.5796,0,0,0.726,0.2449,1]},{"frame":76,"values":[1,0,0,0,0,0.2855,-0.9584,0,0,-0.9584,-0.2855,0,0,0.9594,0.3237,1]},{"frame":77,"values":[1,0,0,0,0,0.0129,-0.9999,0,0,-0.9999,-0.0129,0,0,1.1654,0.3932,1]},{"frame":78,"values":[1,0,0,0,0,-0.1831,-0.9831,0,0,-0.9831,0.1831,0,0,1.3229,0.4463,1]},{"frame":79,"values":[1,0,0,0,0,-0.2935,-0.956,0,0,-0.956,0.2935,0,0,1.4198,0.479,1]},{"frame":80,"values":[1,0,0,0,0,-0.3282,-0.9446,0,0,-0.9446,0.3282,0,0,1.452,0.4899,1]},{"frame":81,"values":[1,0,0,0,0,-0.3282,-0.9446,0,0,-0.9446,0.3282,0,0,1.435,0.4899,1]},{"frame":82,"values":[1,0,0,0,0,-0.3282,-0.9446,0,0,-0.9446,0.3282,0,0,1.3866,0.4899,1]},{"frame":83,"values":[1,0,0,0,0,-0.3282,-0.9446,0,0,-0.9446,0.3282,0,0,1.3107,0.4899,1]},{"frame":84,"values":[1,0,0,0,0,-0.3282,-0.9446,0,0,-0.9446,0.3282,0,0,1.2116,0.4899,1]},{"frame":85,"values":[1,0,0,0,0,-0.3282,-0.9446,0,0,-0.9446,0.3282,0,0,1.0934,0.4899,1]},{"frame":86,"values":[1,0,0,0,0,-0.3282,-0.9446,0,0,-0.9446,0.3282,0,0,0.9605,0.4899,1]},{"frame":87,"values":[1,0,0,0,0,-0.3282,-0.9446,0,0,-0.9446,0.3282,0,0,0.8176,0.4899,1]},{"frame":88,"values":[1,0,0,0,0,-0.3282,-0.9446,0,0,-0.9446,0.3282,0,0,0.6695,0.4899,1]},{"frame":89,"values":[1,0,0,0,0,-0.3282,-0.9446,0,0,-0.9446,0.3282,0,0,0.5217,0.4899,1]},{"frame":90,"values":[1,0,0,0,0,-0.3282,-0.9446,0,0,-0.9446,0.3282,0,0,0.38,0.4899,1]},{"frame":91,"values":[1,0,0,0,0,-0.3282,-0.9446,0,0,-0.9446,0.3282,0,0,0.2509,0.4899,1]},{"frame":92,"values":[1,0,0,0,0,-0.3282,-0.9446,0,0,-0.9446,0.3282,0,0,0.1418,0.4899,1]},{"frame":93,"values":[1,0,0,0,0,-0.3282,-0.9446,0,0,-0.9446,0.3282,0,0,0.0611,0.4899,1]},{"frame":94,"values":[1,0,0,0,0,-0.3282,-0.9446,0,0,-0.9446,0.3282,0,0,0.0186,0.4899,1]},{"frame":95,"values":[1,0,0,0,0,-0.3282,-0.9446,0,0,-0.9446,0.3282,0,0,0.0258,0.4899,1]},{"frame":96,"values":[1,0,0,0,0,-0.3282,-0.9446,0,0,-0.9446,0.3282,0,0,0.0968,0.4899,1]},{"frame":97,"values":[1,0,0,0,0,-0.3282,-0.9446,0,0,-0.9446,0.3282,0,0,0.2491,0.4899,1]},{"frame":98,"values":[1,0,0,0,0,-0.3282,-0.9446,0,0,-0.9446,0.3282,0,0,0.5046,0.4899,1]},{"frame":99,"values":[1,0,0,0,0,-0.3282,-0.9446,0,0,-0.9446,0.3282,0,0,0.8924,0.4899,1]},{"frame":100,"values":[1,0,0,0,0,-0.3282,-0.9446,0,0,-0.9446,0.3282,0,0,1.452,0.4899,1]},{"frame":101,"values":[1,0,0,0,0,-0.3282,-0.9446,0,0,-0.9446,0.3282,0,0,2.0861,0.4521,1]},{"frame":102,"values":[1,0,0,0,0,-0.3282,-0.9446,0,0,-0.9446,0.3282,0,0,2.6595,0.3379,1]},{"frame":103,"values":[1,0,0,0,0,-0.3282,-0.9446,0,0,-0.9446,0.3282,0,0,3.1655,0.1478,1]},{"frame":104,"values":[1,0,0,0,0,-0.3282,-0.9446,0,0,-0.9446,0.3282,0,0,3.5963,-0.1142,1]},{"frame":105,"values":[1,0,0,0,0,-0.3282,-0.9446,0,0,-0.9446,0.3282,0,0,3.9429,-0.4398,1]},{"frame":106,"values":[1,0,0,0,0,-0.3282,-0.9446,0,0,-0.9446,0.3282,0,0,4.1956,-0.8159,1]},{"frame":107,"values":[1,0,0,0,0,-0.3282,-0.9446,0,0,-0.9446,0.3282,0,0,4.3433,-1.2246,1]},{"frame":108,"values":[1,0,0,0,0,-0.3282,-0.9446,0,0,-0.9446,0.3282,0,0,4.3748,-1.6446,1]},{"frame":109,"values":[1,0,0,0,0,-0.3282,-0.9446,0,0,-0.9446,0.3282,0,0,4.2798,-2.0533,1]},{"frame":110,"values":[1,0,0,0,0,-0.3282,-0.9446,0,0,-0.9446,0.3282,0,0,4.051,-2.4294,1]},{"frame":111,"values":[1,0,0,0,0,-0.3282,-0.9446,0,0,-0.9446,0.3282,0,0,3.6887,-2.755,1]},{"frame":112,"values":[1,0,0,0,0,-0.3282,-0.9446,0,0,-0.9446,0.3282,0,0,3.206,-3.017,1]},{"frame":113,"values":[1,0,0,0,0,-0.3282,-0.9446,0,0,-0.9446,0.3282,0,0,2.6349,-3.207,1]},{"frame":114,"values":[1,0,0,0,0,-0.3282,-0.9446,0,0,-0.9446,0.3282,0,0,2.0282,-3.3213,1]},{"frame":115,"values":[1,0,0,0,0,-0.3282,-0.9446,0,0,-0.9446,0.3282,0,0,1.452,-3.3591,1]},{"frame":116,"values":[1,0,0,0,0,-0.3282,-0.9446,0,0,-0.9446,0.3282,0,0,0.9991,-3.3591,1]},{"frame":117,"values":[1,0,0,0,0,-0.3282,-0.9446,0,0,-0.9446,0.3282,0,0,0.7823,-3.3591,1]},{"frame":118,"values":[1,0,0,0,0,-0.3282,-0.9446,0,0,-0.9446,0.3282,0,0,0.8807,-3.3591,1]},{"frame":119,"values":[1,0,0,0,0,-0.3282,-0.9446,0,0,-0.9446,0.3282,0,0,1.1852,-3.3591,1]},{"frame":120,"values":[1,0,0,0,0,-0.3282,-0.9446,0,0,-0.9446,0.3282,0,0,1.452,-3.3591,1]},{"frame":121,"values":[1,0,0,0,0,-0.3282,-0.9446,0,0,-0.9446,0.3282,0,0,1.6514,-3.2738,1]},{"frame":122,"values":[1,0,0,0,0,-0.3282,-0.9446,0,0,-0.9446,0.3282,0,0,1.8376,-3.017,1]},{"frame":123,"values":[1,0,0,0,0,-0.3282,-0.9446,0,0,-0.9446,0.3282,0,0,1.9948,-2.5994,1]},{"frame":124,"values":[1,0,0,0,0,-0.3282,-0.9446,0,0,-0.9446,0.3282,0,0,2.1033,-2.0533,1]},{"frame":125,"values":[1,0,0,0,0,-0.3282,-0.9446,0,0,-0.9446,0.3282,0,0,2.146,-1.4346,1]},{"frame":126,"values":[1,0,0,0,0,-0.3282,-0.9446,0,0,-0.9446,0.3282,0,0,2.1159,-0.8159,1]},{"frame":127,"values":[1,0,0,0,0,-0.3282,-0.9446,0,0,-0.9446,0.3282,0,0,2.0187,-0.2698,1]},{"frame":128,"values":[1,0,0,0,0,-0.3282,-0.9446,0,0,-0.9446,0.3282,0,0,1.867,0.1478,1]},{"frame":129,"values":[1,0,0,0,0,-0.3282,-0.9446,0,0,-0.9446,0.3282,0,0,1.6743,0.4046,1]},{"frame":130,"values":[1,0,0,0,0,-0.3282,-0.9446,0,0,-0.9446,0.3282,0,0,1.452,0.4899,1]}],"loopBehavior":1,"name":"anim","property":"_matrix"}},
{"name":"Spine.001","index":1,"matrix":[1,0,0,0,0,1,0,0,0,0,1,0,0,0.4833,0,1],"parentBoneIndex":0,"animation":{"dataType":3,"framePerSecond":30,"keys":[{"frame":0,"values":[1,0,0,0,0,1,0,0,0,0,1,0,0,0.4833,0,1]},{"frame":1,"values":[1,0,0,0,0,1,0,0,0,0,1,0,0,0.4833,0,1]},{"frame":3,"values":[1,0,0,0,0,1,0,0,0,0,1,0,0,0.4833,0,1]},{"frame":4,"values":[1,0,0,0,0,1,0,0,0,0,1,0,0,0.4833,0,1]},{"frame":6,"values":[1,0,0,0,0,1,0,0,0,0,1,0,0,0.4833,0,1]},{"frame":7,"values":[1,0,0,0,0,1,0,0,0,0,1,0,0,0.4833,0,1]},{"frame":8,"values":[1,0,0,0,0,1,0,0,0,0,1,0,0,0.4833,0,1]},{"frame":9,"values":[1,0,0,0,0,1,0,0,0,0,1,0,0,0.4833,0,1]},{"frame":11,"values":[1,0,0,0,0,1,0,0,0,0,1,0,0,0.4833,0,1]},{"frame":18,"values":[1,0,0,0,0,1,0,0,0,0,1,0,0,0.4833,0,1]},{"frame":19,"values":[1,0,0,0,0,1,0,0,0,0,1,0,0,0.4833,0,1]},{"frame":20,"values":[1,0,0,0,0,1,0,0,0,0,1,0,0,0.4833,0,1]},{"frame":22,"values":[1,0,0,0,0,1,0,0,0,0,1,0,0,0.4833,0,1]},{"frame":23,"values":[1,0,0,0,0,1,0,0,0,0,1,0,0,0.4833,0,1]},{"frame":25,"values":[1,0,0,0,0,1,0,0,0,0,1,0,0,0.4833,0,1]},{"frame":27,"values":[1,0,0,0,0,1,0,0,0,0,1,0,0,0.4833,0,1]},{"frame":30,"values":[1,0,0,0,0,1,0,0,0,0,1,0,0,0.4833,0,1]},{"frame":31,"values":[1,0,0,0,0,1,0,0,0,0,1,0,0,0.4833,0,1]},{"frame":32,"values":[1,0,0,0,0,1,0,0,0,0,1,0,0,0.4833,0,1]},{"frame":33,"values":[1,0,0,0,0,1,0,0,0,0,1,0,0,0.4833,0,1]},{"frame":34,"values":[1,0,0,0,0,1,0,0,0,0,1,0,0,0.4833,0,1]},{"frame":35,"values":[1,0,0,0,0,1,0,0,0,0,1,0,0,0.4833,0,1]},{"frame":36,"values":[1,0,0,0,0,1,0,0,0,0,1,0,0,0.4833,0,1]},{"frame":37,"values":[1,0,0,0,0,1,0,0,0,0,1,0,0,0.4833,0,1]},{"frame":38,"values":[1,0,0,0,0,1,0,0,0,0,1,0,0,0.4833,0,1]},{"frame":39,"values":[1,0,0,0,0,1,0,0,0,0,1,0,0,0.4833,0,1]},{"frame":40,"values":[1,0,0,0,0,1,0,0,0,0,1,0,0,0.4833,0,1]},{"frame":41,"values":[1,0,0,0,0,1,0,0,0,0,1,0,0,0.4833,0,1]},{"frame":42,"values":[1,0,0,0,0,1,0,0,0,0,1,0,0,0.4833,0,1]},{"frame":43,"values":[1,0,0,0,0,1,0,0,0,0,1,0,0,0.4833,0,1]},{"frame":44,"values":[1,0,0,0,0,1,0,0,0,0,1,0,0,0.4833,0,1]},{"frame":45,"values":[1,0,0,0,0,1,0,0,0,0,1,0,0,0.4833,0,1]},{"frame":46,"values":[1,0,0,0,0,1,0,0,0,0,1,0,0,0.4833,0,1]},{"frame":47,"values":[1,0,0,0,0,1,0,0,0,0,1,0,0,0.4833,0,1]},{"frame":48,"values":[1,0,0,0,0,1,0,0,0,0,1,0,0,0.4833,0,1]},{"frame":49,"values":[1,0,0,0,0,1,0,0,0,0,1,0,0,0.4833,0,1]},{"frame":50,"values":[1,0,0,0,0,1,0,0,0,0,1,0,0,0.4833,0,1]},{"frame":71,"values":[1,0,0,0,0,1,0,0,0,0,1,0,0,0.4833,0,1]},{"frame":72,"values":[1,0,0,0,0,1,0,0,0,0,1,0,0,0.4833,0,1]},{"frame":73,"values":[1,0,0,0,0,1,0,0,0,0,1,0,0,0.4833,0,1]},{"frame":74,"values":[1,0,0,0,0,1,0,0,0,0,1,0,0,0.4833,0,1]},{"frame":75,"values":[1,0,0,0,0,1,0,0,0,0,1,0,0,0.4833,0,1]},{"frame":76,"values":[1,0,0,0,0,1,0,0,0,0,1,0,0,0.4833,0,1]},{"frame":77,"values":[1,0,0,0,0,1,0,0,0,0,1,0,0,0.4833,0,1]},{"frame":78,"values":[1,0,0,0,0,1,0,0,0,0,1,0,0,0.4833,0,1]},{"frame":79,"values":[1,0,0,0,0,1,0,0,0,0,1,0,0,0.4833,0,1]},{"frame":80,"values":[1,0,0,0,0,1,0,0,0,0,1,0,0,0.4833,0,1]},{"frame":81,"values":[1,0,0,0,0,1,0,0,0,0,1,0,0,0.4833,0,1]},{"frame":82,"values":[1,0,0,0,0,1,0,0,0,0,1,0,0,0.4833,0,1]},{"frame":83,"values":[1,0,0,0,0,1,0,0,0,0,1,0,0,0.4833,0,1]},{"frame":84,"values":[1,0,0,0,0,1,0,0,0,0,1,0,0,0.4833,0,1]},{"frame":85,"values":[1,0,0,0,0,1,0,0,0,0,1,0,0,0.4833,0,1]},{"frame":86,"values":[1,0,0,0,0,1,0,0,0,0,1,0,0,0.4833,0,1]},{"frame":87,"values":[1,0,0,0,0,1,0,0,0,0,1,0,0,0.4833,0,1]},{"frame":88,"values":[1,0,0,0,0,1,0,0,0,0,1,0,0,0.4833,0,1]},{"frame":89,"values":[1,0,0,0,0,1,0,0,0,0,1,0,0,0.4833,0,1]},{"frame":90,"values":[1,0,0,0,0,1,0,0,0,0,1,0,0,0.4833,0,1]},{"frame":91,"values":[1,0,0,0,0,1,0,0,0,0,1,0,0,0.4833,0,1]},{"frame":92,"values":[1,0,0,0,0,1,0,0,0,0,1,0,0,0.4833,0,1]},{"frame":93,"values":[1,0,0,0,0,1,0,0,0,0,1,0,0,0.4833,0,1]},{"frame":94,"values":[1,0,0,0,0,1,0,0,0,0,1,0,0,0.4833,0,1]},{"frame":96,"values":[1,0,0,0,0,1,0,0,0,0,1,0,0,0.4833,0,1]},{"frame":97,"values":[1,0,0,0,0,1,0,0,0,0,1,0,0,0.4833,0,1]},{"frame":98,"values":[1,0,0,0,0,1,0,0,0,0,1,0,0,0.4833,0,1]},{"frame":99,"values":[1,0,0,0,0,1,0,0,0,0,1,0,0,0.4833,0,1]},{"frame":100,"values":[1,0,0,0,0,1,0,0,0,0,1,0,0,0.4833,0,1]},{"frame":101,"values":[1,0,0,0,0,1,0,0,0,0,1,0,0,0.4833,0,1]},{"frame":102,"values":[1,0,0,0,0,1,0,0,0,0,1,0,0,0.4833,0,1]},{"frame":103,"values":[1,0,0,0,0,1,0,0,0,0,1,0,0,0.4833,0,1]},{"frame":104,"values":[1,0,0,0,0,1,0,0,0,0,1,0,0,0.4833,0,1]},{"frame":105,"values":[1,0,0,0,0,1,0,0,0,0,1,0,0,0.4833,0,1]},{"frame":106,"values":[1,0,0,0,0,1,0,0,0,0,1,0,0,0.4833,0,1]},{"frame":107,"values":[1,0,0,0,0,1,0,0,0,0,1,0,0,0.4833,0,1]},{"frame":108,"values":[1,0,0,0,0,1,0,0,0,0,1,0,0,0.4833,0,1]},{"frame":109,"values":[1,0,0,0,0,1,0,0,0,0,1,0,0,0.4833,0,1]},{"frame":110,"values":[1,0,0,0,0,1,0,0,0,0,1,0,0,0.4833,0,1]},{"frame":111,"values":[1,0,0,0,0,1,0,0,0,0,1,0,0,0.4833,0,1]},{"frame":112,"values":[1,0,0,0,0,1,0,0,0,0,1,0,0,0.4833,0,1]},{"frame":113,"values":[1,0,0,0,0,1,0,0,0,0,1,0,0,0.4833,0,1]},{"frame":114,"values":[1,0,0,0,0,1,0,0,0,0,1,0,0,0.4833,0,1]},{"frame":115,"values":[1,0,0,0,0,1,0,0,0,0,1,0,0,0.4833,0,1]},{"frame":116,"values":[1,0,0,0,0,1,0,0,0,0,1,0,0,0.4833,0,1]},{"frame":117,"values":[1,0,0,0,0,1,0,0,0,0,1,0,0,0.4833,0,1]},{"frame":118,"values":[1,0,0,0,0,1,0,0,0,0,1,0,0,0.4833,0,1]},{"frame":121,"values":[1,0,0,0,0,1,0,0,0,0,1,0,0,0.4833,0,1]},{"frame":122,"values":[1,0,0,0,0,1,0,0,0,0,1,0,0,0.4833,0,1]},{"frame":123,"values":[1,0,0,0,0,1,0,0,0,0,1,0,0,0.4833,0,1]},{"frame":124,"values":[1,0,0,0,0,1,0,0,0,0,1,0,0,0.4833,0,1]},{"frame":125,"values":[1,0,0,0,0,1,0,0,0,0,1,0,0,0.4833,0,1]},{"frame":126,"values":[1,0,0,0,0,1,0,0,0,0,1,0,0,0.4833,0,1]},{"frame":127,"values":[1,0,0,0,0,1,0,0,0,0,1,0,0,0.4833,0,1]},{"frame":128,"values":[1,0,0,0,0,1,0,0,0,0,1,0,0,0.4833,0,1]},{"frame":129,"values":[1,0,0,0,0,1,0,0,0,0,1,0,0,0.4833,0,1]},{"frame":130,"values":[1,0,0,0,0,1,0,0,0,0,1,0,0,0.4833,0,1]}],"loopBehavior":1,"name":"anim","property":"_matrix"}},
{"name":"Spine.002","index":2,"matrix":[1,0,0,0,0,1,0,0,0,0,1,0,0,0.4833,0,1],"parentBoneIndex":1,"animation":{"dataType":3,"framePerSecond":30,"keys":[{"frame":0,"values":[1,0,0,0,0,1,0,0,0,0,1,0,0,0.4833,0,1]},{"frame":2,"values":[1,0,0,0,0,1,0,0,0,0,1,0,0,0.4833,0,1]},{"frame":3,"values":[1,0,0,0,0,1,0,0,0,0,1,0,0,0.4833,0,1]},{"frame":4,"values":[1,0,0,0,0,1,0,0,0,0,1,0,0,0.4833,0,1]},{"frame":5,"values":[1,0,0,0,0,1,0,0,0,0,1,0,0,0.4833,0,1]},{"frame":6,"values":[1,0,0,0,0,1,0,0,0,0,1,0,0,0.4833,0,1]},{"frame":8,"values":[1,0,0,0,0,1,0,0,0,0,1,0,0,0.4833,0,1]},{"frame":10,"values":[1,0,0,0,0,1,0,0,0,0,1,0,0,0.4833,0,1]},{"frame":11,"values":[1,0,0,0,0,1,0,0,0,0,1,0,0,0.4833,0,1]},{"frame":14,"values":[1,0,0,0,0,1,0,0,0,0,1,0,0,0.4833,0,1]},{"frame":19,"values":[1,0,0,0,0,1,0,0,0,0,1,0,0,0.4833,0,1]},{"frame":20,"values":[1,0,0,0,0,1,0,0,0,0,1,0,0,0.4833,0,1]},{"frame":21,"values":[1,0,0,0,0,1,0,0,0,0,1,0,0,0.4833,0,1]},{"frame":23,"values":[1,0,0,0,0,1,0,0,0,0,1,0,0,0.4833,0,1]},{"frame":25,"values":[1,0,0,0,0,1,0,0,0,0,1,0,0,0.4833,0,1]},{"frame":26,"values":[1,0,0,0,0,1,0,0,0,0,1,0,0,0.4833,0,1]},{"frame":27,"values":[1,0,0,0,0,1,0,0,0,0,1,0,0,0.4833,0,1]},{"frame":28,"values":[1,0,0,0,0,1,0,0,0,0,1,0,0,0.4833,0,1]},{"frame":29,"values":[1,0,0,0,0,1,0,0,0,0,1,0,0,0.4833,0,1]},{"frame":31,"values":[1,0,0,0,0,1,0,0,0,0,1,0,0,0.4833,0,1]},{"frame":32,"values":[1,0,0,0,0,1,0,0,0,0,1,0,0,0.4833,0,1]},{"frame":33,"values":[1,0,0,0,0,1,0,0,0,0,1,0,0,0.4833,0,1]},{"frame":34,"values":[1,0,0,0,0,1,0,0,0,0,1,0,0,0.4833,0,1]},{"frame":35,"values":[1,0,0,0,0,1,0,0,0,0,1,0,0,0.4833,0,1]},{"frame":36,"values":[1,0,0,0,0,1,0,0,0,0,1,0,0,0.4833,0,1]},{"frame":37,"values":[1,0,0,0,0,1,0,0,0,0,1,0,0,0.4833,0,1]},{"frame":38,"values":[1,0,0,0,0,1,0,0,0,0,1,0,0,0.4833,0,1]},{"frame":39,"values":[1,0,0,0,0,1,0,0,0,0,1,0,0,0.4833,0,1]},{"frame":40,"values":[1,0,0,0,0,1,0,0,0,0,1,0,0,0.4833,0,1]},{"frame":41,"values":[1,0,0,0,0,1,0,0,0,0,1,0,0,0.4833,0,1]},{"frame":42,"values":[1,0,0,0,0,1,0,0,0,0,1,0,0,0.4833,0,1]},{"frame":43,"values":[1,0,0,0,0,1,0,0,0,0,1,0,0,0.4833,0,1]},{"frame":44,"values":[1,0,0,0,0,1,0,0,0,0,1,0,0,0.4833,0,1]},{"frame":45,"values":[1,0,0,0,0,1,0,0,0,0,1,0,0,0.4833,0,1]},{"frame":46,"values":[1,0,0,0,0,1,0,0,0,0,1,0,0,0.4833,0,1]},{"frame":47,"values":[1,0,0,0,0,1,0,0,0,0,1,0,0,0.4833,0,1]},{"frame":48,"values":[1,0,0,0,0,1,0,0,0,0,1,0,0,0.4833,0,1]},{"frame":49,"values":[1,0,0,0,0,1,0,0,0,0,1,0,0,0.4833,0,1]},{"frame":71,"values":[1,0,0,0,0,1,0,0,0,0,1,0,0,0.4833,0,1]},{"frame":72,"values":[1,0,0,0,0,1,0,0,0,0,1,0,0,0.4833,0,1]},{"frame":73,"values":[1,0,0,0,0,1,0,0,0,0,1,0,0,0.4833,0,1]},{"frame":74,"values":[1,0,0,0,0,1,0,0,0,0,1,0,0,0.4833,0,1]},{"frame":75,"values":[1,0,0,0,0,1,0,0,0,0,1,0,0,0.4833,0,1]},{"frame":76,"values":[1,0,0,0,0,1,0,0,0,0,1,0,0,0.4833,0,1]},{"frame":77,"values":[1,0,0,0,0,1,0,0,0,0,1,0,0,0.4833,0,1]},{"frame":78,"values":[1,0,0,0,0,1,0,0,0,0,1,0,0,0.4833,0,1]},{"frame":79,"values":[1,0,0,0,0,1,0,0,0,0,1,0,0,0.4833,0,1]},{"frame":80,"values":[1,0,0,0,0,1,0,0,0,0,1,0,0,0.4833,0,1]},{"frame":81,"values":[1,0,0,0,0,1,0,0,0,0,1,0,0,0.4833,0,1]},{"frame":83,"values":[1,0,0,0,0,1,0,0,0,0,1,0,0,0.4833,0,1]},{"frame":84,"values":[1,0,0,0,0,1,0,0,0,0,1,0,0,0.4833,0,1]},{"frame":88,"values":[1,0,0,0,0,1,0,0,0,0,1,0,0,0.4833,0,1]},{"frame":89,"values":[1,0,0,0,0,1,0,0,0,0,1,0,0,0.4833,0,1]},{"frame":90,"values":[1,0,0,0,0,1,0,0,0,0,1,0,0,0.4833,0,1]},{"frame":91,"values":[1,0,0,0,0,1,0,0,0,0,1,0,0,0.4833,0,1]},{"frame":92,"values":[1,0,0,0,0,1,0,0,0,0,1,0,0,0.4833,0,1]},{"frame":93,"values":[1,0,0,0,0,1,0,0,0,0,1,0,0,0.4833,0,1]},{"frame":94,"values":[1,0,0,0,0,1,0,0,0,0,1,0,0,0.4833,0,1]},{"frame":96,"values":[1,0,0,0,0,1,0,0,0,0,1,0,0,0.4833,0,1]},{"frame":98,"values":[1,0,0,0,0,1,0,0,0,0,1,0,0,0.4833,0,1]},{"frame":99,"values":[1,0,0,0,0,1,0,0,0,0,1,0,0,0.4833,0,1]},{"frame":100,"values":[1,0,0,0,0,1,0,0,0,0,1,0,0,0.4833,0,1]},{"frame":101,"values":[1,0,0,0,0,1,0,0,0,0,1,0,0,0.4833,0,1]},{"frame":102,"values":[1,0,0,0,0,1,0,0,0,0,1,0,0,0.4833,0,1]},{"frame":103,"values":[1,0,0,0,0,1,0,0,0,0,1,0,0,0.4833,0,1]},{"frame":104,"values":[1,0,0,0,0,1,0,0,0,0,1,0,0,0.4833,0,1]},{"frame":105,"values":[1,0,0,0,0,1,0,0,0,0,1,0,0,0.4833,0,1]},{"frame":106,"values":[1,0,0,0,0,1,0,0,0,0,1,0,0,0.4833,0,1]},{"frame":107,"values":[1,0,0,0,0,1,0,0,0,0,1,0,0,0.4833,0,1]},{"frame":108,"values":[1,0,0,0,0,1,0,0,0,0,1,0,0,0.4833,0,1]},{"frame":109,"values":[1,0,0,0,0,1,0,0,0,0,1,0,0,0.4833,0,1]},{"frame":110,"values":[1,0,0,0,0,1,0,0,0,0,1,0,0,0.4833,0,1]},{"frame":111,"values":[1,0,0,0,0,1,0,0,0,0,1,0,0,0.4833,0,1]},{"frame":112,"values":[1,0,0,0,0,1,0,0,0,0,1,0,0,0.4833,0,1]},{"frame":113,"values":[1,0,0,0,0,1,0,0,0,0,1,0,0,0.4833,0,1]},{"frame":114,"values":[1,0,0,0,0,1,0,0,0,0,1,0,0,0.4833,0,1]},{"frame":115,"values":[1,0,0,0,0,1,0,0,0,0,1,0,0,0.4833,0,1]},{"frame":117,"values":[1,0,0,0,0,1,0,0,0,0,1,0,0,0.4833,0,1]},{"frame":118,"values":[1,0,0,0,0,1,0,0,0,0,1,0,0,0.4833,0,1]},{"frame":119,"values":[1,0,0,0,0,1,0,0,0,0,1,0,0,0.4833,0,1]},{"frame":120,"values":[1,0,0,0,0,1,0,0,0,0,1,0,0,0.4833,0,1]},{"frame":121,"values":[1,0,0,0,0,1,0,0,0,0,1,0,0,0.4833,0,1]},{"frame":122,"values":[1,0,0,0,0,1,0,0,0,0,1,0,0,0.4833,0,1]},{"frame":124,"values":[1,0,0,0,0,1,0,0,0,0,1,0,0,0.4833,0,1]},{"frame":125,"values":[1,0,0,0,0,1,0,0,0,0,1,0,0,0.4833,0,1]},{"frame":126,"values":[1,0,0,0,0,1,0,0,0,0,1,0,0,0.4833,0,1]},{"frame":127,"values":[1,0,0,0,0,1,0,0,0,0,1,0,0,0.4833,0,1]},{"frame":128,"values":[1,0,0,0,0,1,0,0,0,0,1,0,0,0.4833,0,1]},{"frame":129,"values":[1,0,0,0,0,1,0,0,0,0,1,0,0,0.4833,0,1]},{"frame":130,"values":[1,0,0,0,0,1,0,0,0,0,1,0,0,0.4833,0,1]}],"loopBehavior":1,"name":"anim","property":"_matrix"}},
{"name":"Spine.003","index":3,"matrix":[1,0,0,0,0,1,0,0,0,0,1,0,0,0.4833,0,1],"parentBoneIndex":2,"animation":{"dataType":3,"framePerSecond":30,"keys":[{"frame":0,"values":[1,0,0,0,0,1,0,0,0,0,1,0,0,0.4833,0,1]},{"frame":1,"values":[1,0,0,0,0,1,0,0,0,0,1,0,0,0.4833,0,1]},{"frame":3,"values":[1,0,0,0,0,1,0,0,0,0,1,0,0,0.4833,0,1]},{"frame":4,"values":[1,0,0,0,0,1,0,0,0,0,1,0,0,0.4833,0,1]},{"frame":5,"values":[1,0,0,0,0,1,0,0,0,0,1,0,0,0.4833,0,1]},{"frame":9,"values":[1,0,0,0,0,1,0,0,0,0,1,0,0,0.4833,0,1]},{"frame":10,"values":[1,0,0,0,0,1,0,0,0,0,1,0,0,0.4833,0,1]},{"frame":12,"values":[1,0,0,0,0,1,0,0,0,0,1,0,0,0.4833,0,1]},{"frame":13,"values":[1,0,0,0,0,1,0,0,0,0,1,0,0,0.4833,0,1]},{"frame":14,"values":[1,0,0,0,0,1,0,0,0,0,1,0,0,0.4833,0,1]},{"frame":18,"values":[1,0,0,0,0,1,0,0,0,0,1,0,0,0.4833,0,1]},{"frame":19,"values":[1,0,0,0,0,1,0,0,0,0,1,0,0,0.4833,0,1]},{"frame":21,"values":[1,0,0,0,0,1,0,0,0,0,1,0,0,0.4833,0,1]},{"frame":22,"values":[1,0,0,0,0,1,0,0,0,0,1,0,0,0.4833,0,1]},{"frame":25,"values":[1,0,0,0,0,1,0,0,0,0,1,0,0,0.4833,0,1]},{"frame":26,"values":[1,0,0,0,0,1,0,0,0,0,1,0,0,0.4833,0,1]},{"frame":27,"values":[1,0,0,0,0,1,0,0,0,0,1,0,0,0.4833,0,1]},{"frame":28,"values":[1,0,0,0,0,1,0,0,0,0,1,0,0,0.4833,0,1]},{"frame":30,"values":[1,0,0,0,0,1,0,0,0,0,1,0,0,0.4833,0,1]},{"frame":31,"values":[1,0,0,0,0,1,0,0,0,0,1,0,0,0.4833,0,1]},{"frame":32,"values":[1,0,0,0,0,1,0,0,0,0,1,0,0,0.4833,0,1]},{"frame":33,"values":[1,0,0,0,0,1,0,0,0,0,1,0,0,0.4833,0,1]},{"frame":34,"values":[1,0,0,0,0,1,0,0,0,0,1,0,0,0.4833,0,1]},{"frame":35,"values":[1,0,0,0,0,1,0,0,0,0,1,0,0,0.4833,0,1]},{"frame":36,"values":[1,0,0,0,0,1,0,0,0,0,1,0,0,0.4833,0,1]},{"frame":37,"values":[1,0,0,0,0,1,0,0,0,0,1,0,0,0.4833,0,1]},{"frame":38,"values":[1,0,0,0,0,1,0,0,0,0,1,0,0,0.4833,0,1]},{"frame":39,"values":[1,0,0,0,0,1,0,0,0,0,1,0,0,0.4833,0,1]},{"frame":40,"values":[1,0,0,0,0,1,0,0,0,0,1,0,0,0.4833,0,1]},{"frame":41,"values":[1,0,0,0,0,1,0,0,0,0,1,0,0,0.4833,0,1]},{"frame":42,"values":[1,0,0,0,0,1,0,0,0,0,1,0,0,0.4833,0,1]},{"frame":43,"values":[1,0,0,0,0,1,0,0,0,0,1,0,0,0.4833,0,1]},{"frame":44,"values":[1,0,0,0,0,1,0,0,0,0,1,0,0,0.4833,0,1]},{"frame":45,"values":[1,0,0,0,0,1,0,0,0,0,1,0,0,0.4833,0,1]},{"frame":46,"values":[1,0,0,0,0,1,0,0,0,0,1,0,0,0.4833,0,1]},{"frame":47,"values":[1,0,0,0,0,1,0,0,0,0,1,0,0,0.4833,0,1]},{"frame":48,"values":[1,0,0,0,0,1,0,0,0,0,1,0,0,0.4833,0,1]},{"frame":49,"values":[1,0,0,0,0,1,0,0,0,0,1,0,0,0.4833,0,1]},{"frame":50,"values":[1,0,0,0,0,1,0,0,0,0,1,0,0,0.4833,0,1]},{"frame":71,"values":[1,0,0,0,0,1,0,0,0,0,1,0,0,0.4833,0,1]},{"frame":72,"values":[1,0,0,0,0,1,0,0,0,0,1,0,0,0.4833,0,1]},{"frame":73,"values":[1,0,0,0,0,1,0,0,0,0,1,0,0,0.4833,0,1]},{"frame":74,"values":[1,0,0,0,0,1,0,0,0,0,1,0,0,0.4833,0,1]},{"frame":75,"values":[1,0,0,0,0,1,0,0,0,0,1,0,0,0.4833,0,1]},{"frame":76,"values":[1,0,0,0,0,1,0,0,0,0,1,0,0,0.4833,0,1]},{"frame":77,"values":[1,0,0,0,0,1,0,0,0,0,1,0,0,0.4833,0,1]},{"frame":78,"values":[1,0,0,0,0,1,0,0,0,0,1,0,0,0.4833,0,1]},{"frame":79,"values":[1,0,0,0,0,1,0,0,0,0,1,0,0,0.4833,0,1]},{"frame":80,"values":[1,0,0,0,0,1,0,0,0,0,1,0,0,0.4833,0,1]},{"frame":81,"values":[1,0,0,0,0,1,0,0,0,0,1,0,0,0.4833,0,1]},{"frame":83,"values":[1,0,0,0,0,1,0,0,0,0,1,0,0,0.4833,0,1]},{"frame":85,"values":[1,0,0,0,0,1,0,0,0,0,1,0,0,0.4833,0,1]},{"frame":86,"values":[1,0,0,0,0,1,0,0,0,0,1,0,0,0.4833,0,1]},{"frame":87,"values":[1,0,0,0,0,1,0,0,0,0,1,0,0,0.4833,0,1]},{"frame":88,"values":[1,0,0,0,0,1,0,0,0,0,1,0,0,0.4833,0,1]},{"frame":89,"values":[1,0,0,0,0,1,0,0,0,0,1,0,0,0.4833,0,1]},{"frame":90,"values":[1,0,0,0,0,1,0,0,0,0,1,0,0,0.4833,0,1]},{"frame":92,"values":[1,0,0,0,0,1,0,0,0,0,1,0,0,0.4833,0,1]},{"frame":93,"values":[1,0,0,0,0,1,0,0,0,0,1,0,0,0.4833,0,1]},{"frame":94,"values":[1,0,0,0,0,1,0,0,0,0,1,0,0,0.4833,0,1]},{"frame":97,"values":[1,0,0,0,0,1,0,0,0,0,1,0,0,0.4833,0,1]},{"frame":98,"values":[1,0,0,0,0,1,0,0,0,0,1,0,0,0.4833,0,1]},{"frame":99,"values":[1,0,0,0,0,1,0,0,0,0,1,0,0,0.4833,0,1]},{"frame":100,"values":[1,0,0,0,0,1,0,0,0,0,1,0,0,0.4833,0,1]},{"frame":101,"values":[1,0,0,0,0,1,0,0,0,0,1,0,0,0.4833,0,1]},{"frame":102,"values":[1,0,0,0,0,1,0,0,0,0,1,0,0,0.4833,0,1]},{"frame":104,"values":[1,0,0,0,0,1,0,0,0,0,1,0,0,0.4833,0,1]},{"frame":105,"values":[1,0,0,0,0,1,0,0,0,0,1,0,0,0.4833,0,1]},{"frame":106,"values":[1,0,0,0,0,1,0,0,0,0,1,0,0,0.4833,0,1]},{"frame":107,"values":[1,0,0,0,0,1,0,0,0,0,1,0,0,0.4833,0,1]},{"frame":108,"values":[1,0,0,0,0,1,0,0,0,0,1,0,0,0.4833,0,1]},{"frame":109,"values":[1,0,0,0,0,1,0,0,0,0,1,0,0,0.4833,0,1]},{"frame":110,"values":[1,0,0,0,0,1,0,0,0,0,1,0,0,0.4833,0,1]},{"frame":111,"values":[1,0,0,0,0,1,0,0,0,0,1,0,0,0.4833,0,1]},{"frame":112,"values":[1,0,0,0,0,1,0,0,0,0,1,0,0,0.4833,0,1]},{"frame":113,"values":[1,0,0,0,0,1,0,0,0,0,1,0,0,0.4833,0,1]},{"frame":114,"values":[1,0,0,0,0,1,0,0,0,0,1,0,0,0.4833,0,1]},{"frame":115,"values":[1,0,0,0,0,1,0,0,0,0,1,0,0,0.4833,0,1]},{"frame":116,"values":[1,0,0,0,0,1,0,0,0,0,1,0,0,0.4833,0,1]},{"frame":117,"values":[1,0,0,0,0,1,0,0,0,0,1,0,0,0.4833,0,1]},{"frame":118,"values":[1,0,0,0,0,1,0,0,0,0,1,0,0,0.4833,0,1]},{"frame":119,"values":[1,0,0,0,0,1,0,0,0,0,1,0,0,0.4833,0,1]},{"frame":120,"values":[1,0,0,0,0,1,0,0,0,0,1,0,0,0.4833,0,1]},{"frame":121,"values":[1,0,0,0,0,1,0,0,0,0,1,0,0,0.4833,0,1]},{"frame":122,"values":[1,0,0,0,0,1,0,0,0,0,1,0,0,0.4833,0,1]},{"frame":123,"values":[1,0,0,0,0,1,0,0,0,0,1,0,0,0.4833,0,1]},{"frame":124,"values":[1,0,0,0,0,1,0,0,0,0,1,0,0,0.4833,0,1]},{"frame":125,"values":[1,0,0,0,0,1,0,0,0,0,1,0,0,0.4833,0,1]},{"frame":126,"values":[1,0,0,0,0,1,0,0,0,0,1,0,0,0.4833,0,1]},{"frame":127,"values":[1,0,0,0,0,1,0,0,0,0,1,0,0,0.4833,0,1]},{"frame":128,"values":[1,0,0,0,0,1,0,0,0,0,1,0,0,0.4833,0,1]},{"frame":129,"values":[1,0,0,0,0,1,0,0,0,0,1,0,0,0.4833,0,1]},{"frame":130,"values":[1,0,0,0,0,1,0,0,0,0,1,0,0,0.4833,0,1]}],"loopBehavior":1,"name":"anim","property":"_matrix"}},
{"name":"page.001","index":4,"matrix":[-0.7561,0,-0.6544,0,-0.6544,0,0.7561,0,0,1,0,0,0,0.4833,0,1],"parentBoneIndex":2,"animation":{"dataType":3,"framePerSecond":30,"keys":[{"frame":0,"values":[-0.7561,0,-0.6544,0,-0.6544,0,0.7561,0,0,1,0,0,0,0.4833,0,1]},{"frame":1,"values":[-0.7587,0,-0.6514,0,-0.6514,0,0.7587,0,0,1,0,0,0,0.4833,0,1]},{"frame":2,"values":[-0.7666,0,-0.6421,0,-0.6421,0,0.7666,0,0,1,0,0,0,0.4833,0,1]},{"frame":3,"values":[-0.7795,0,-0.6264,0,-0.6264,0,0.7795,0,0,1,0,0,0,0.4833,0,1]},{"frame":4,"values":[-0.7968,0,-0.6042,0,-0.6042,0,0.7968,0,0,1,0,0,0,0.4833,0,1]},{"frame":5,"values":[-0.8174,0,-0.576,0,-0.576,0,0.8174,0,0,1,0,0,0,0.4833,0,1]},{"frame":6,"values":[-0.8401,0,-0.5425,0,-0.5425,0,0.8401,0,0,1,0,0,0,0.4833,0,1]},{"frame":7,"values":[-0.8631,0,-0.505,0,-0.505,0,0.8631,0,0,1,0,0,0,0.4833,0,1]},{"frame":8,"values":[-0.8851,0,-0.4654,0,-0.4654,0,0.8851,0,0,1,0,0,0,0.4833,0,1]},{"frame":9,"values":[-0.9047,0,-0.426,0,-0.426,0,0.9047,0,0,1,0,0,0,0.4833,0,1]},{"frame":10,"values":[-0.9212,0,-0.389,0,-0.389,0,0.9212,0,0,1,0,0,0,0.4833,0,1]},{"frame":11,"values":[-0.9343,0,-0.3566,0,-0.3566,0,0.9343,0,0,1,0,0,0,0.4833,0,1]},{"frame":12,"values":[-0.9439,0,-0.3302,0,-0.3302,0,0.9439,0,0,1,0,0,0,0.4833,0,1]},{"frame":13,"values":[-0.9504,0,-0.311,0,-0.311,0,0.9504,0,0,1,0,0,0,0.4833,0,1]},{"frame":14,"values":[-0.9541,0,-0.2993,0,-0.2993,0,0.9541,0,0,1,0,0,0,0.4833,0,1]},{"frame":15,"values":[-0.9553,0,-0.2955,0,-0.2955,0,0.9553,0,0,1,0,0,0,0.4833,0,1]},{"frame":16,"values":[-0.9541,0,-0.2993,0,-0.2993,0,0.9541,0,0,1,0,0,0,0.4833,0,1]},{"frame":17,"values":[-0.9504,0,-0.311,0,-0.311,0,0.9504,0,0,1,0,0,0,0.4833,0,1]},{"frame":18,"values":[-0.9439,0,-0.3302,0,-0.3302,0,0.9439,0,0,1,0,0,0,0.4833,0,1]},{"frame":19,"values":[-0.9343,0,-0.3566,0,-0.3566,0,0.9343,0,0,1,0,0,0,0.4833,0,1]},{"frame":20,"values":[-0.9212,0,-0.389,0,-0.389,0,0.9212,0,0,1,0,0,0,0.4833,0,1]},{"frame":21,"values":[-0.9047,0,-0.426,0,-0.426,0,0.9047,0,0,1,0,0,0,0.4833,0,1]},{"frame":22,"values":[-0.8851,0,-0.4654,0,-0.4654,0,0.8851,0,0,1,0,0,0,0.4833,0,1]},{"frame":23,"values":[-0.8631,0,-0.505,0,-0.505,0,0.8631,0,0,1,0,0,0,0.4833,0,1]},{"frame":24,"values":[-0.8401,0,-0.5425,0,-0.5425,0,0.8401,0,0,1,0,0,0,0.4833,0,1]},{"frame":25,"values":[-0.8174,0,-0.576,0,-0.576,0,0.8174,0,0,1,0,0,0,0.4833,0,1]},{"frame":26,"values":[-0.7968,0,-0.6042,0,-0.6042,0,0.7968,0,0,1,0,0,0,0.4833,0,1]},{"frame":27,"values":[-0.7795,0,-0.6264,0,-0.6264,0,0.7795,0,0,1,0,0,0,0.4833,0,1]},{"frame":28,"values":[-0.7666,0,-0.6421,0,-0.6421,0,0.7666,0,0,1,0,0,0,0.4833,0,1]},{"frame":29,"values":[-0.7587,0,-0.6514,0,-0.6514,0,0.7587,0,0,1,0,0,0,0.4833,0,1]},{"frame":30,"values":[-0.7561,0,-0.6544,0,-0.6544,0,0.7561,0,0,1,0,0,0,0.4833,0,1]},{"frame":31,"values":[-0.7586,0,-0.6516,0,-0.6516,0,0.7586,0,0,1,0,0,0,0.4833,0,1]},{"frame":32,"values":[-0.7661,0,-0.6428,0,-0.6428,0,0.7661,0,0,1,0,0,0,0.4833,0,1]},{"frame":33,"values":[-0.7783,0,-0.6278,0,-0.6278,0,0.7783,0,0,1,0,0,0,0.4833,0,1]},{"frame":34,"values":[-0.7951,0,-0.6065,0,-0.6065,0,0.7951,0,0,1,0,0,0,0.4833,0,1]},{"frame":35,"values":[-0.8156,0,-0.5787,0,-0.5787,0,0.8156,0,0,1,0,0,0,0.4833,0,1]},{"frame":36,"values":[-0.8389,0,-0.5443,0,-0.5443,0,0.8389,0,0,1,0,0,0,0.4833,0,1]},{"frame":37,"values":[-0.8639,0,-0.5037,0,-0.5037,0,0.8639,0,0,1,0,0,0,0.4833,0,1]},{"frame":38,"values":[-0.8893,0,-0.4574,0,-0.4574,0,0.8893,0,0,1,0,0,0,0.4833,0,1]},{"frame":39,"values":[-0.9136,0,-0.4066,0,-0.4066,0,0.9136,0,0,1,0,0,0,0.4833,0,1]},{"frame":40,"values":[-0.9357,0,-0.3528,0,-0.3528,0,0.9357,0,0,1,0,0,0,0.4833,0,1]},{"frame":41,"values":[-0.9546,0,-0.2978,0,-0.2978,0,0.9546,0,0,1,0,0,0,0.4833,0,1]},{"frame":42,"values":[-0.9699,0,-0.2436,0,-0.2436,0,0.9699,0,0,1,0,0,0,0.4833,0,1]},{"frame":43,"values":[-0.9814,0,-0.1921,0,-0.1921,0,0.9814,0,0,1,0,0,0,0.4833,0,1]},{"frame":44,"values":[-0.9894,0,-0.145,0,-0.145,0,0.9894,0,0,1,0,0,0,0.4833,0,1]},{"frame":45,"values":[-0.9946,0,-0.1038,0,-0.1038,0,0.9946,0,0,1,0,0,0,0.4833,0,1]},{"frame":46,"values":[-0.9976,0,-0.0694,0,-0.0694,0,0.9976,0,0,1,0,0,0,0.4833,0,1]},{"frame":47,"values":[-0.9991,0,-0.0423,0,-0.0423,0,0.9991,0,0,1,0,0,0,0.4833,0,1]},{"frame":48,"values":[-0.9997,0,-0.023,0,-0.023,0,0.9997,0,0,1,0,0,0,0.4833,0,1]},{"frame":49,"values":[-0.9999,0,-0.0115,0,-0.0115,0,0.9999,0,0,1,0,0,0,0.4833,0,1]},{"frame":50,"values":[-1,0,-0.0077,0,-0.0077,0,1,0,0,1,0,0,0,0.4833,0,1]},{"frame":51,"values":[-0.9999,0,-0.0131,0,-0.0131,0,0.9999,0,0,1,0,0,0,0.4833,0,1]},{"frame":52,"values":[-0.9996,0,-0.0298,0,-0.0298,0,0.9996,0,0,1,0,0,0,0.4833,0,1]},{"frame":53,"values":[-0.9983,0,-0.0581,0,-0.0581,0,0.9983,0,0,1,0,0,0,0.4833,0,1]},{"frame":54,"values":[-0.9953,0,-0.097,0,-0.097,0,0.9953,0,0,1,0,0,0,0.4833,0,1]},{"frame":55,"values":[-0.9896,0,-0.1442,0,-0.1442,0,0.9896,0,0,1,0,0,0,0.4833,0,1]},{"frame":56,"values":[-0.9807,0,-0.1958,0,-0.1958,0,0.9807,0,0,1,0,0,0,0.4833,0,1]},{"frame":57,"values":[-0.9689,0,-0.2476,0,-0.2476,0,0.9689,0,0,1,0,0,0,0.4833,0,1]},{"frame":58,"values":[-0.9552,0,-0.2961,0,-0.2961,0,0.9552,0,0,1,0,0,0,0.4833,0,1]},{"frame":59,"values":[-0.9408,0,-0.3389,0,-0.3389,0,0.9408,0,0,1,0,0,0,0.4833,0,1]},{"frame":60,"values":[-0.927,0,-0.3749,0,-0.3749,0,0.927,0,0,1,0,0,0,0.4833,0,1]},{"frame":61,"values":[-0.9123,0,-0.4095,0,-0.4095,0,0.9123,0,0,1,0,0,0,0.4833,0,1]},{"frame":62,"values":[-0.8943,0,-0.4474,0,-0.4474,0,0.8943,0,0,1,0,0,0,0.4833,0,1]},{"frame":63,"values":[-0.8732,0,-0.4873,0,-0.4873,0,0.8732,0,0,1,0,0,0,0.4833,0,1]},{"frame":64,"values":[-0.8497,0,-0.5273,0,-0.5273,0,0.8497,0,0,1,0,0,0,0.4833,0,1]},{"frame":65,"values":[-0.8253,0,-0.5647,0,-0.5647,0,0.8253,0,0,1,0,0,0,0.4833,0,1]},{"frame":66,"values":[-0.8021,0,-0.5971,0,-0.5971,0,0.8021,0,0,1,0,0,0,0.4833,0,1]},{"frame":67,"values":[-0.7824,0,-0.6228,0,-0.6228,0,0.7824,0,0,1,0,0,0,0.4833,0,1]},{"frame":68,"values":[-0.7677,0,-0.6408,0,-0.6408,0,0.7677,0,0,1,0,0,0,0.4833,0,1]},{"frame":69,"values":[-0.759,0,-0.6511,0,-0.6511,0,0.759,0,0,1,0,0,0,0.4833,0,1]},{"frame":70,"values":[-0.7561,0,-0.6544,0,-0.6544,0,0.7561,0,0,1,0,0,0,0.4833,0,1]},{"frame":71,"values":[-0.7561,0,-0.6544,0,-0.6544,0,0.7561,0,0,1,0,0,0,0.4833,0,1]},{"frame":72,"values":[-0.7561,0,-0.6544,0,-0.6544,0,0.7561,0,0,1,0,0,0,0.4833,0,1]},{"frame":73,"values":[-0.7561,0,-0.6544,0,-0.6544,0,0.7561,0,0,1,0,0,0,0.4833,0,1]},{"frame":74,"values":[-0.7561,0,-0.6544,0,-0.6544,0,0.7561,0,0,1,0,0,0,0.4833,0,1]},{"frame":75,"values":[-0.7561,0,-0.6544,0,-0.6544,0,0.7561,0,0,1,0,0,0,0.4833,0,1]},{"frame":76,"values":[-0.7561,0,-0.6544,0,-0.6544,0,0.7561,0,0,1,0,0,0,0.4833,0,1]},{"frame":77,"values":[-0.7561,0,-0.6544,0,-0.6544,0,0.7561,0,0,1,0,0,0,0.4833,0,1]},{"frame":78,"values":[-0.7561,0,-0.6544,0,-0.6544,0,0.7561,0,0,1,0,0,0,0.4833,0,1]},{"frame":79,"values":[-0.7561,0,-0.6544,0,-0.6544,0,0.7561,0,0,1,0,0,0,0.4833,0,1]},{"frame":80,"values":[-0.7561,0,-0.6544,0,-0.6544,0,0.7561,0,0,1,0,0,0,0.4833,0,1]},{"frame":81,"values":[-0.7561,0,-0.6544,0,-0.6544,0,0.7561,0,0,1,0,0,0,0.4833,0,1]},{"frame":83,"values":[-0.7561,0,-0.6544,0,-0.6544,0,0.7561,0,0,1,0,0,0,0.4833,0,1]},{"frame":85,"values":[-0.7561,0,-0.6544,0,-0.6544,0,0.7561,0,0,1,0,0,0,0.4833,0,1]},{"frame":86,"values":[-0.7561,0,-0.6544,0,-0.6544,0,0.7561,0,0,1,0,0,0,0.4833,0,1]},{"frame":87,"values":[-0.7561,0,-0.6544,0,-0.6544,0,0.7561,0,0,1,0,0,0,0.4833,0,1]},{"frame":88,"values":[-0.7561,0,-0.6544,0,-0.6544,0,0.7561,0,0,1,0,0,0,0.4833,0,1]},{"frame":89,"values":[-0.7561,0,-0.6544,0,-0.6544,0,0.7561,0,0,1,0,0,0,0.4833,0,1]},{"frame":90,"values":[-0.7561,0,-0.6544,0,-0.6544,0,0.7561,0,0,1,0,0,0,0.4833,0,1]},{"frame":92,"values":[-0.7561,0,-0.6544,0,-0.6544,0,0.7561,0,0,1,0,0,0,0.4833,0,1]},{"frame":93,"values":[-0.7561,0,-0.6544,0,-0.6544,0,0.7561,0,0,1,0,0,0,0.4833,0,1]},{"frame":94,"values":[-0.7561,0,-0.6544,0,-0.6544,0,0.7561,0,0,1,0,0,0,0.4833,0,1]},{"frame":97,"values":[-0.7561,0,-0.6544,0,-0.6544,0,0.7561,0,0,1,0,0,0,0.4833,0,1]},{"frame":98,"values":[-0.7561,0,-0.6544,0,-0.6544,0,0.7561,0,0,1,0,0,0,0.4833,0,1]},{"frame":99,"values":[-0.7561,0,-0.6544,0,-0.6544,0,0.7561,0,0,1,0,0,0,0.4833,0,1]},{"frame":100,"values":[-0.7561,0,-0.6544,0,-0.6544,0,0.7561,0,0,1,0,0,0,0.4833,0,1]},{"frame":101,"values":[-0.7561,0,-0.6544,0,-0.6544,0,0.7561,0,0,1,0,0,0,0.4833,0,1]},{"frame":102,"values":[-0.7561,0,-0.6544,0,-0.6544,0,0.7561,0,0,1,0,0,0,0.4833,0,1]},{"frame":104,"values":[-0.7561,0,-0.6544,0,-0.6544,0,0.7561,0,0,1,0,0,0,0.4833,0,1]},{"frame":105,"values":[-0.7561,0,-0.6544,0,-0.6544,0,0.7561,0,0,1,0,0,0,0.4833,0,1]},{"frame":106,"values":[-0.7561,0,-0.6544,0,-0.6544,0,0.7561,0,0,1,0,0,0,0.4833,0,1]},{"frame":107,"values":[-0.7561,0,-0.6544,0,-0.6544,0,0.7561,0,0,1,0,0,0,0.4833,0,1]},{"frame":108,"values":[-0.7561,0,-0.6544,0,-0.6544,0,0.7561,0,0,1,0,0,0,0.4833,0,1]},{"frame":109,"values":[-0.7561,0,-0.6544,0,-0.6544,0,0.7561,0,0,1,0,0,0,0.4833,0,1]},{"frame":110,"values":[-0.7561,0,-0.6544,0,-0.6544,0,0.7561,0,0,1,0,0,0,0.4833,0,1]},{"frame":111,"values":[-0.7561,0,-0.6544,0,-0.6544,0,0.7561,0,0,1,0,0,0,0.4833,0,1]},{"frame":112,"values":[-0.7561,0,-0.6544,0,-0.6544,0,0.7561,0,0,1,0,0,0,0.4833,0,1]},{"frame":113,"values":[-0.7561,0,-0.6544,0,-0.6544,0,0.7561,0,0,1,0,0,0,0.4833,0,1]},{"frame":114,"values":[-0.7561,0,-0.6544,0,-0.6544,0,0.7561,0,0,1,0,0,0,0.4833,0,1]},{"frame":115,"values":[-0.7561,0,-0.6544,0,-0.6544,0,0.7561,0,0,1,0,0,0,0.4833,0,1]},{"frame":116,"values":[-0.7561,0,-0.6544,0,-0.6544,0,0.7561,0,0,1,0,0,0,0.4833,0,1]},{"frame":117,"values":[-0.7561,0,-0.6544,0,-0.6544,0,0.7561,0,0,1,0,0,0,0.4833,0,1]},{"frame":118,"values":[-0.7561,0,-0.6544,0,-0.6544,0,0.7561,0,0,1,0,0,0,0.4833,0,1]},{"frame":119,"values":[-0.7561,0,-0.6544,0,-0.6544,0,0.7561,0,0,1,0,0,0,0.4833,0,1]},{"frame":120,"values":[-0.7561,0,-0.6544,0,-0.6544,0,0.7561,0,0,1,0,0,0,0.4833,0,1]},{"frame":121,"values":[-0.7561,0,-0.6544,0,-0.6544,0,0.7561,0,0,1,0,0,0,0.4833,0,1]},{"frame":122,"values":[-0.7561,0,-0.6544,0,-0.6544,0,0.7561,0,0,1,0,0,0,0.4833,0,1]},{"frame":123,"values":[-0.7561,0,-0.6544,0,-0.6544,0,0.7561,0,0,1,0,0,0,0.4833,0,1]},{"frame":124,"values":[-0.7561,0,-0.6544,0,-0.6544,0,0.7561,0,0,1,0,0,0,0.4833,0,1]},{"frame":125,"values":[-0.7561,0,-0.6544,0,-0.6544,0,0.7561,0,0,1,0,0,0,0.4833,0,1]},{"frame":126,"values":[-0.7561,0,-0.6544,0,-0.6544,0,0.7561,0,0,1,0,0,0,0.4833,0,1]},{"frame":127,"values":[-0.7561,0,-0.6544,0,-0.6544,0,0.7561,0,0,1,0,0,0,0.4833,0,1]},{"frame":128,"values":[-0.7561,0,-0.6544,0,-0.6544,0,0.7561,0,0,1,0,0,0,0.4833,0,1]},{"frame":129,"values":[-0.7561,0,-0.6544,0,-0.6544,0,0.7561,0,0,1,0,0,0,0.4833,0,1]},{"frame":130,"values":[-0.7561,0,-0.6544,0,-0.6544,0,0.7561,0,0,1,0,0,0,0.4833,0,1]}],"loopBehavior":1,"name":"anim","property":"_matrix"}},
