{"autoClear":true,"clearColor":[0,0,0],"ambientColor":[0,0,0],"gravity":[0,-9.81,0],
"materials":[{"name":"PlayerBody_1.Material","id":"PlayerBody_1.Material","ambient":[0.7452,0.8,0.7895],"diffuse":[0.5962,0.64,0.6316],"specular":[0,0,0],"emissive":[0,0,0],"specularPower":50,"alpha":1,"backFaceCulling":true, "diffuseTexture":{"name":"PlayerBody-1.jpg","level":1,"hasAlpha":1,"coordinatesMode":0,"uOffset":0,"vOffset":0,"uScale":1,"vScale":1,"uAng":0,"vAng":0,"wAng":0,"wrapU":1,"wrapV":1,"coordinatesIndex":0}},{"name":"PlayerBody_1.Material.002","id":"PlayerBody_1.Material.002","ambient":[0.8,0.8,0.8],"diffuse":[0.64,0.64,0.64],"specular":[0.5,0.5,0.5],"emissive":[0,0,0],"specularPower":50,"alpha":1,"backFaceCulling":true, "diffuseTexture":{"name":"Sword_Texture.png","level":1,"hasAlpha":1,"coordinatesMode":0,"uOffset":0,"vOffset":0,"uScale":1,"vScale":1,"uAng":0,"vAng":0,"wAng":0,"wrapU":1,"wrapV":1,"coordinatesIndex":0}},{"name":"PlayerBody_1.Standard","id":"PlayerBody_1.Standard","ambient":[0.8,0.8,0.8],"diffuse":[0.64,0.64,0.64],"specular":[0.5,0.5,0.5],"emissive":[0,0,0],"specularPower":50,"alpha":1,"backFaceCulling":true}],
"multiMaterials":[{"name":"PlayerBody_1.Multimaterial#0","id":"PlayerBody_1.Multimaterial#0","materials":["PlayerBody_1.Material","PlayerBody_1."]}],
"skeletons":[{"name":"Skeleton","id":0,"bones":[
{"name":"pelvis","index":0,"matrix":[1,0,0,0,0,1,0,0,0,0,-1,0,0,4,-0.1425,1],"parentBoneIndex":-1,"animation":{"dataType":3,"framePerSecond":60,"keys":[{"frame":0,"values":[1,0,0,0,0,1,0,0,0,0,-1,0,0,4,-0.1425,1]},{"frame":100,"values":[1,0,0,0,0,1,0,0,0,0,-1,0,0,4,-0.1425,1]}],"loopBehavior":1,"name":"anim","property":"_matrix"}},
{"name":"stomach","index":1,"matrix":[1,0,0,0,0,1,0,0,0,0,1,0,0,0.4668,0,1],"parentBoneIndex":0,"animation":{"dataType":3,"framePerSecond":60,"keys":[{"frame":0,"values":[1,0,0,0,0,1,0,0,0,0,1,0,0,0.4668,0,1]},{"frame":100,"values":[1,0,0,0,0,1,0,0,0,0,1,0,0,0.4668,0,1]}],"loopBehavior":1,"name":"anim","property":"_matrix"}},
{"name":"chest","index":2,"matrix":[1,0,0,0,0,1,0,0,0,0,1,0,0,1.1733,0,1],"parentBoneIndex":1,"animation":{"dataType":3,"framePerSecond":60,"keys":[{"frame":0,"values":[1,0,0,0,0,1,0,0,0,0,1,0,0,1.1733,0,1]},{"frame":53,"values":[0.9999,-0.0006,-0.0166,0,0.0007,1,0.0026,0,0.0166,-0.0026,0.9999,0,0,1.1733,0,1]},{"frame":54,"values":[0.9978,-0.0022,-0.0662,0,0.0029,0.9999,0.0104,0,0.0661,-0.0105,0.9978,0,0,1.1733,0,1]},{"frame":55,"values":[0.9895,-0.0039,-0.1443,0,0.0072,0.9997,0.0224,0,0.1442,-0.0232,0.9893,0,0,1.1733,0,1]},{"frame":56,"values":[0.9711,-0.0047,-0.2387,0,0.0138,0.9992,0.0365,0,0.2383,-0.0388,0.9704,0,0,1.1733,0,1]},{"frame":57,"values":[0.9437,-0.0039,-0.3308,0,0.0217,0.9985,0.05,0,0.3301,-0.0543,0.9424,0,0,1.1733,0,1]},{"frame":58,"values":[0.9148,-0.0022,-0.4039,0,0.0291,0.9978,0.0604,0,0.4028,-0.067,0.9128,0,0,1.1733,0,1]},{"frame":59,"values":[0.8936,-0.0006,-0.4488,0,0.0342,0.9972,0.0666,0,0.4475,-0.0749,0.8912,0,0,1.1733,0,1]},{"frame":60,"values":[0.8861,0,-0.4635,0,0.0359,0.997,0.0687,0,0.4621,-0.0775,0.8834,0,0,1.1733,0,1]},{"frame":71,"values":[0.8909,-0.0004,-0.4541,0,0.0348,0.9971,0.0674,0,0.4528,-0.0758,0.8884,0,0,1.1733,0,1]},{"frame":72,"values":[0.905,-0.0015,-0.4254,0,0.0315,0.9975,0.0634,0,0.4243,-0.0708,0.9028,0,0,1.1733,0,1]},{"frame":73,"values":[0.9259,-0.003,-0.3777,0,0.0263,0.998,0.0567,0,0.3768,-0.0624,0.9242,0,0,1.1733,0,1]},{"frame":74,"values":[0.9496,-0.0042,-0.3134,0,0.0201,0.9987,0.0475,0,0.3128,-0.0514,0.9484,0,0,1.1733,0,1]},{"frame":75,"values":[0.9711,-0.0047,-0.2387,0,0.0138,0.9992,0.0365,0,0.2383,-0.0388,0.9704,0,0,1.1733,0,1]},{"frame":76,"values":[0.9867,-0.0042,-0.1624,0,0.0084,0.9996,0.0251,0,0.1623,-0.0261,0.9864,0,0,1.1733,0,1]},{"frame":77,"values":[0.9955,-0.003,-0.0945,0,0.0044,0.9999,0.0147,0,0.0944,-0.0151,0.9954,0,0,1.1733,0,1]},{"frame":78,"values":[0.9991,-0.0015,-0.0425,0,0.0018,1,0.0067,0,0.0425,-0.0067,0.9991,0,0,1.1733,0,1]},{"frame":79,"values":[0.9999,-0.0004,-0.0106,0,0.0004,1,0.0017,0,0.0106,-0.0017,0.9999,0,0,1.1733,0,1]},{"frame":80,"values":[1,0,0,0,0,1,0,0,0,0,1,0,0,1.1733,0,1]},{"frame":100,"values":[1,0,0,0,0,1,0,0,0,0,1,0,0,1.1733,0,1]}],"loopBehavior":1,"name":"anim","property":"_matrix"}},
{"name":"neck","index":3,"matrix":[1,0,0,0,0,1,0,0,0,0,1,0,0,1.3877,0,1],"parentBoneIndex":2,"animation":{"dataType":3,"framePerSecond":60,"keys":[{"frame":0,"values":[1,0,0,0,0,1,0,0,0,0,1,0,0,1.3877,0,1]},{"frame":53,"values":[1,0,0,0,0,1,0,0,0,0,1,0,0,1.3877,0,1]},{"frame":54,"values":[1,0,0,0,0,1,0,0,0,0,1,0,0,1.3877,0,1]},{"frame":55,"values":[1,0,0,0,0,1,0,0,0,0,1,0,0,1.3877,0,1]},{"frame":56,"values":[1,0,0,0,0,1,0,0,0,0,1,0,0,1.3877,0,1]},{"frame":57,"values":[1,0,0,0,0,1,0,0,0,0,1,0,0,1.3877,0,1]},{"frame":58,"values":[1,0,0,0,0,1,0,0,0,0,1,0,0,1.3877,0,1]},{"frame":59,"values":[1,0,0,0,0,1,0,0,0,0,1,0,0,1.3877,0,1]},{"frame":60,"values":[1,0,0,0,0,1,0,0,0,0,1,0,0,1.3877,0,1]},{"frame":71,"values":[1,0,0,0,0,1,0,0,0,0,1,0,0,1.3877,0,1]},{"frame":72,"values":[1,0,0,0,0,1,0,0,0,0,1,0,0,1.3877,0,1]},{"frame":73,"values":[1,0,0,0,0,1,0,0,0,0,1,0,0,1.3877,0,1]},{"frame":74,"values":[1,0,0,0,0,1,0,0,0,0,1,0,0,1.3877,0,1]},{"frame":75,"values":[1,0,0,0,0,1,0,0,0,0,1,0,0,1.3877,0,1]},{"frame":76,"values":[1,0,0,0,0,1,0,0,0,0,1,0,0,1.3877,0,1]},{"frame":77,"values":[1,0,0,0,0,1,0,0,0,0,1,0,0,1.3877,0,1]},{"frame":78,"values":[1,0,0,0,0,1,0,0,0,0,1,0,0,1.3877,0,1]},{"frame":79,"values":[1,0,0,0,0,1,0,0,0,0,1,0,0,1.3877,0,1]},{"frame":80,"values":[1,0,0,0,0,1,0,0,0,0,1,0,0,1.3877,0,1]},{"frame":100,"values":[1,0,0,0,0,1,0,0,0,0,1,0,0,1.3877,0,1]}],"loopBehavior":1,"name":"anim","property":"_matrix"}},
{"name":"head","index":4,"matrix":[1,0,0,0,0,1,0,0,0,0,1,0,0,0.3247,0,1],"parentBoneIndex":3,"animation":{"dataType":3,"framePerSecond":60,"keys":[{"frame":0,"values":[1,0,0,0,0,1,0,0,0,0,1,0,0,0.3247,0,1]},{"frame":53,"values":[1,0,0,0,0,1,0,0,0,0,1,0,0,0.3247,0,1]},{"frame":54,"values":[1,0,0,0,0,1,0,0,0,0,1,0,0,0.3247,0,1]},{"frame":55,"values":[1,0,0,0,0,1,0,0,0,0,1,0,0,0.3247,0,1]},{"frame":56,"values":[1,0,0,0,0,1,0,0,0,0,1,0,0,0.3247,0,1]},{"frame":57,"values":[1,0,0,0,0,1,0,0,0,0,1,0,0,0.3247,0,1]},{"frame":58,"values":[1,0,0,0,0,1,0,0,0,0,1,0,0,0.3247,0,1]},{"frame":59,"values":[1,0,0,0,0,1,0,0,0,0,1,0,0,0.3247,0,1]},{"frame":60,"values":[1,0,0,0,0,1,0,0,0,0,1,0,0,0.3247,0,1]},{"frame":71,"values":[1,0,0,0,0,1,0,0,0,0,1,0,0,0.3247,0,1]},{"frame":72,"values":[1,0,0,0,0,1,0,0,0,0,1,0,0,0.3247,0,1]},{"frame":73,"values":[1,0,0,0,0,1,0,0,0,0,1,0,0,0.3247,0,1]},{"frame":74,"values":[1,0,0,0,0,1,0,0,0,0,1,0,0,0.3247,0,1]},{"frame":75,"values":[1,0,0,0,0,1,0,0,0,0,1,0,0,0.3247,0,1]},{"frame":76,"values":[1,0,0,0,0,1,0,0,0,0,1,0,0,0.3247,0,1]},{"frame":77,"values":[1,0,0,0,0,1,0,0,0,0,1,0,0,0.3247,0,1]},{"frame":78,"values":[1,0,0,0,0,1,0,0,0,0,1,0,0,0.3247,0,1]},{"frame":79,"values":[1,0,0,0,0,1,0,0,0,0,1,0,0,0.3247,0,1]},{"frame":80,"values":[1,0,0,0,0,1,0,0,0,0,1,0,0,0.3247,0,1]},{"frame":100,"values":[1,0,0,0,0,1,0,0,0,0,1,0,0,0.3247,0,1]}],"loopBehavior":1,"name":"anim","property":"_matrix"}},
{"name":"shoulder.L","index":5,"matrix":[0,0,1,0,0.949,-0.3152,0,0,0.3152,0.949,0,0,0,1.3877,0,1],"parentBoneIndex":2,"animation":{"dataType":3,"framePerSecond":60,"keys":[{"frame":0,"values":[0,0,1,0,0.949,-0.3152,0,0,0.3152,0.949,0,0,0,1.3877,0,1]},{"frame":53,"values":[0.0086,0,1,0,0.9488,-0.3158,-0.0082,0,0.3158,0.9488,-0.0027,0,0,1.3877,0,1]},{"frame":54,"values":[0.0344,0,0.9994,0,0.9476,-0.3177,-0.0326,0,0.3175,0.9482,-0.0109,0,0,1.3877,0,1]},{"frame":55,"values":[0.075,-0.0002,0.9972,0,0.9445,-0.3207,-0.0711,0,0.3198,0.9472,-0.0238,0,0,1.3877,0,1]},{"frame":56,"values":[0.1243,-0.0006,0.9922,0,0.9386,-0.3243,-0.1177,0,0.3219,0.9459,-0.0397,0,0,1.3877,0,1]},{"frame":57,"values":[0.1733,-0.0012,0.9849,0,0.9303,-0.3279,-0.1641,0,0.3232,0.9447,-0.0557,0,0,1.3877,0,1]},{"frame":58,"values":[0.2131,-0.0018,0.977,0,0.9219,-0.3309,-0.2017,0,0.3236,0.9437,-0.0689,0,0,1.3877,0,1]},{"frame":59,"values":[0.2382,-0.0022,0.9712,0,0.9157,-0.3327,-0.2254,0,0.3236,0.943,-0.0772,0,0,1.3877,0,1]},{"frame":60,"values":[0.2466,-0.0024,0.9691,0,0.9135,-0.3333,-0.2333,0,0.3236,0.9428,-0.08,0,0,1.3877,0,1]},{"frame":71,"values":[0.2412,-0.0023,0.9705,0,0.9149,-0.3329,-0.2282,0,0.3236,0.943,-0.0782,0,0,1.3877,0,1]},{"frame":72,"values":[0.2251,-0.002,0.9743,0,0.919,-0.3317,-0.213,0,0.3236,0.9434,-0.0728,0,0,1.3877,0,1]},{"frame":73,"values":[0.1987,-0.0015,0.9801,0,0.9251,-0.3298,-0.1881,0,0.3235,0.944,-0.0641,0,0,1.3877,0,1]},{"frame":74,"values":[0.1639,-0.0011,0.9865,0,0.9321,-0.3273,-0.1553,0,0.323,0.9449,-0.0527,0,0,1.3877,0,1]},{"frame":75,"values":[0.1243,-0.0006,0.9922,0,0.9386,-0.3243,-0.1177,0,0.3219,0.9459,-0.0397,0,0,1.3877,0,1]},{"frame":76,"values":[0.0844,-0.0003,0.9964,0,0.9436,-0.3214,-0.08,0,0.3203,0.9469,-0.0269,0,0,1.3877,0,1]},{"frame":77,"values":[0.0491,-0.0001,0.9988,0,0.9467,-0.3188,-0.0466,0,0.3184,0.9478,-0.0156,0,0,1.3877,0,1]},{"frame":78,"values":[0.0221,0,0.9998,0,0.9483,-0.3168,-0.021,0,0.3167,0.9485,-0.007,0,0,1.3877,0,1]},{"frame":79,"values":[0.0055,0,1,0,0.9489,-0.3156,-0.0052,0,0.3156,0.9489,-0.0017,0,0,1.3877,0,1]},{"frame":80,"values":[0,0,1,0,0.949,-0.3152,0,0,0.3152,0.949,0,0,0,1.3877,0,1]},{"frame":100,"values":[0,0,1,0,0.949,-0.3152,0,0,0.3152,0.949,0,0,0,1.3877,0,1]}],"loopBehavior":1,"name":"anim","property":"_matrix"}},
{"name":"bicep.L","index":6,"matrix":[0.0784,0.8537,0.5149,0,-0.3271,0.5099,-0.7956,0,-0.9417,-0.106,0.3192,0,0,1.0537,0,1],"parentBoneIndex":5,"animation":{"dataType":3,"framePerSecond":60,"keys":[{"frame":0,"values":[0.0784,0.8537,0.5149,0,-0.3271,0.5099,-0.7956,0,-0.9417,-0.106,0.3192,0,0,1.0537,0,1]},{"frame":1,"values":[0.0793,0.8538,0.5146,0,-0.3306,0.5095,-0.7944,0,-0.9404,-0.1072,0.3227,0,0,1.0537,0,1]},{"frame":2,"values":[0.0819,0.8541,0.5137,0,-0.3414,0.5082,-0.7906,0,-0.9363,-0.1107,0.3332,0,0,1.0537,0,1]},{"frame":3,"values":[0.0861,0.8546,0.5121,0,-0.3591,0.5061,-0.7842,0,-0.9293,-0.1164,0.3504,0,0,1.0537,0,1]},{"frame":4,"values":[0.0917,0.8553,0.5099,0,-0.3823,0.5031,-0.7751,0,-0.9195,-0.1239,0.3731,0,0,1.0537,0,1]},{"frame":5,"values":[0.0981,0.8562,0.5072,0,-0.4093,0.4993,-0.7637,0,-0.9071,-0.1327,0.3994,0,0,1.0537,0,1]},{"frame":6,"values":[0.1048,0.8572,0.5041,0,-0.4372,0.495,-0.7509,0,-0.8932,-0.1417,0.4267,0,0,1.0537,0,1]},{"frame":7,"values":[0.1111,0.8583,0.501,0,-0.4634,0.4907,-0.7379,0,-0.8792,-0.1502,0.4522,0,0,1.0537,0,1]},{"frame":8,"values":[0.1163,0.8592,0.4982,0,-0.4853,0.4868,-0.7262,0,-0.8666,-0.1573,0.4737,0,0,1.0537,0,1]},{"frame":9,"values":[0.1203,0.8599,0.496,0,-0.5016,0.4838,-0.7172,0,-0.8567,-0.1626,0.4895,0,0,1.0537,0,1]},{"frame":10,"values":[0.1226,0.8604,0.4947,0,-0.5114,0.4819,-0.7115,0,-0.8505,-0.1658,0.4991,0,0,1.0537,0,1]},{"frame":11,"values":[0.1234,0.8605,0.4942,0,-0.5147,0.4813,-0.7096,0,-0.8485,-0.1668,0.5023,0,0,1.0537,0,1]},{"frame":12,"values":[0.1216,0.8602,0.4953,0,-0.5072,0.4828,-0.7139,0,-0.8532,-0.1644,0.495,0,0,1.0537,0,1]},{"frame":13,"values":[0.1161,0.8592,0.4984,0,-0.4842,0.487,-0.7269,0,-0.8672,-0.1569,0.4725,0,0,1.0537,0,1]},{"frame":14,"values":[0.1068,0.8576,0.5032,0,-0.4453,0.4937,-0.747,0,-0.889,-0.1443,0.4346,0,0,1.0537,0,1]},{"frame":15,"values":[0.0939,0.8556,0.509,0,-0.3918,0.5018,-0.7712,0,-0.9153,-0.127,0.3823,0,0,1.0537,0,1]},{"frame":16,"values":[0.0785,0.8537,0.5148,0,-0.3274,0.5099,-0.7955,0,-0.9416,-0.1061,0.3195,0,0,1.0537,0,1]},{"frame":17,"values":[0.0619,0.852,0.5198,0,-0.2583,0.5167,-0.8162,0,-0.9641,-0.0837,0.2521,0,0,1.0537,0,1]},{"frame":18,"values":[0.046,0.8508,0.5234,0,-0.192,0.5217,-0.8312,0,-0.9803,-0.0622,0.1874,0,0,1.0537,0,1]},{"frame":19,"values":[0.0323,0.8501,0.5256,0,-0.1347,0.5248,-0.8405,0,-0.9904,-0.0437,0.1314,0,0,1.0537,0,1]},{"frame":20,"values":[0.0217,0.8497,0.5268,0,-0.0904,0.5264,-0.8454,0,-0.9957,-0.0293,0.0882,0,0,1.0537,0,1]},{"frame":21,"values":[0.0146,0.8495,0.5273,0,-0.0608,0.5271,-0.8476,0,-0.998,-0.0197,0.0593,0,0,1.0537,0,1]},{"frame":22,"values":[0.0095,0.8495,0.5276,0,-0.0398,0.5275,-0.8486,0,-0.9992,-0.0129,0.0388,0,0,1.0537,0,1]},{"frame":23,"values":[0.0051,0.8494,0.5277,0,-0.0214,0.5277,-0.8492,0,-0.9998,-0.0069,0.0209,0,0,1.0537,0,1]},{"frame":24,"values":[0.0014,0.8494,0.5277,0,-0.0059,0.5277,-0.8494,0,-1,-0.0019,0.0058,0,0,1.0537,0,1]},{"frame":25,"values":[-0.0015,0.8494,0.5277,0,0.0062,0.5277,-0.8494,0,-1,0.002,-0.006,0,0,1.0537,0,1]},{"frame":26,"values":[-0.0036,0.8494,0.5277,0,0.0149,0.5277,-0.8493,0,-0.9999,0.0048,-0.0145,0,0,1.0537,0,1]},{"frame":27,"values":[-0.0049,0.8494,0.5277,0,0.0205,0.5277,-0.8492,0,-0.9998,0.0067,-0.02,0,0,1.0537,0,1]},{"frame":28,"values":[-0.0057,0.8494,0.5277,0,0.0237,0.5277,-0.8491,0,-0.9997,0.0077,-0.0231,0,0,1.0537,0,1]},{"frame":29,"values":[-0.006,0.8494,0.5277,0,0.0252,0.5276,-0.8491,0,-0.9997,0.0082,-0.0246,0,0,1.0537,0,1]},{"frame":30,"values":[-0.0061,0.8494,0.5277,0,0.0256,0.5276,-0.8491,0,-0.9997,0.0083,-0.025,0,0,1.0537,0,1]},{"frame":31,"values":[-0.0062,0.8494,0.5277,0,0.0257,0.5276,-0.8491,0,-0.9997,0.0083,-0.0251,0,0,1.0537,0,1]},{"frame":32,"values":[-0.0043,0.8494,0.5277,0,0.018,0.5277,-0.8492,0,-0.9998,0.0059,-0.0175,0,0,1.0537,0,1]},{"frame":33,"values":[0.0015,0.8494,0.5277,0,-0.0053,0.5277,-0.8494,0,-1,-0.0015,0.0053,0,0,1.0537,0,1]},{"frame":34,"values":[0.0108,0.8495,0.5275,0,-0.0432,0.5274,-0.8485,0,-0.999,-0.0137,0.0424,0,0,1.0537,0,1]},{"frame":35,"values":[0.0229,0.8497,0.5267,0,-0.093,0.5264,-0.8452,0,-0.9954,-0.0296,0.0911,0,0,1.0537,0,1]},{"frame":36,"values":[0.0367,0.8503,0.525,0,-0.1493,0.5242,-0.8384,0,-0.9881,-0.0476,0.1462,0,0,1.0537,0,1]},{"frame":37,"values":[0.0503,0.8511,0.5226,0,-0.2054,0.5209,-0.8285,0,-0.9774,-0.0657,0.201,0,0,1.0537,0,1]},{"frame":38,"values":[0.0621,0.852,0.5199,0,-0.2548,0.5171,-0.8171,0,-0.965,-0.0817,0.2492,0,0,1.0537,0,1]},{"frame":39,"values":[0.0711,0.8528,0.5173,0,-0.2929,0.5136,-0.8065,0,-0.9535,-0.0942,0.2863,0,0,1.0537,0,1]},{"frame":40,"values":[0.0765,0.8534,0.5156,0,-0.3171,0.5111,-0.7989,0,-0.9453,-0.1024,0.3098,0,0,1.0537,0,1]},{"frame":41,"values":[0.0784,0.8537,0.5149,0,-0.3271,0.5099,-0.7956,0,-0.9417,-0.106,0.3192,0,0,1.0537,0,1]},{"frame":42,"values":[0.0785,0.8487,0.5231,0,-0.3295,0.5173,-0.7898,0,-0.9409,-0.1103,0.3202,0,0,1.0537,0,1]},{"frame":43,"values":[0.0786,0.833,0.5477,0,-0.331,0.5401,-0.7738,0,-0.9404,-0.1204,0.3181,0,0,1.0537,0,1]},{"frame":44,"values":[0.0787,0.8061,0.5865,0,-0.3315,0.576,-0.7472,0,-0.9402,-0.1356,0.3126,0,0,1.0537,0,1]},{"frame":45,"values":[0.0789,0.7693,0.634,0,-0.3312,0.6201,-0.7112,0,-0.9403,-0.1539,0.3037,0,0,1.0537,0,1]},{"frame":46,"values":[0.0789,0.7264,0.6827,0,-0.3303,0.6652,-0.6696,0,-0.9406,-0.1727,0.2924,0,0,1.0537,0,1]},{"frame":47,"values":[0.0788,0.684,0.7252,0,-0.3291,0.7045,-0.6288,0,-0.941,-0.1891,0.2806,0,0,1.0537,0,1]},{"frame":48,"values":[0.0786,0.6491,0.7566,0,-0.328,0.7335,-0.5952,0,-0.9414,-0.2014,0.2706,0,0,1.0537,0,1]},{"frame":49,"values":[0.0785,0.6267,0.7753,0,-0.3273,0.7508,-0.5738,0,-0.9417,-0.2087,0.264,0,0,1.0537,0,1]},{"frame":50,"values":[0.0784,0.6191,0.7814,0,-0.3271,0.7564,-0.5665,0,-0.9417,-0.2111,0.2618,0,0,1.0537,0,1]},{"frame":53,"values":[0.0784,0.6191,0.7814,0,-0.3271,0.7564,-0.5665,0,-0.9417,-0.2111,0.2618,0,0,1.0537,0,1]},{"frame":54,"values":[0.0784,0.6191,0.7814,0,-0.3271,0.7564,-0.5665,0,-0.9417,-0.2111,0.2618,0,0,1.0537,0,1]},{"frame":55,"values":[0.0784,0.6191,0.7814,0,-0.3271,0.7564,-0.5665,0,-0.9417,-0.2111,0.2618,0,0,1.0537,0,1]},{"frame":56,"values":[0.0784,0.6191,0.7814,0,-0.3271,0.7564,-0.5665,0,-0.9417,-0.2111,0.2618,0,0,1.0537,0,1]},{"frame":57,"values":[0.0784,0.6191,0.7814,0,-0.3271,0.7564,-0.5665,0,-0.9417,-0.2111,0.2618,0,0,1.0537,0,1]},{"frame":58,"values":[0.0784,0.6191,0.7814,0,-0.3271,0.7564,-0.5665,0,-0.9417,-0.2111,0.2618,0,0,1.0537,0,1]},{"frame":59,"values":[0.0784,0.6191,0.7814,0,-0.3271,0.7564,-0.5665,0,-0.9417,-0.2111,0.2618,0,0,1.0537,0,1]},{"frame":60,"values":[0.0784,0.6191,0.7814,0,-0.3271,0.7564,-0.5665,0,-0.9417,-0.2111,0.2618,0,0,1.0537,0,1]},{"frame":71,"values":[0.0755,0.6249,0.777,0,-0.3205,0.7531,-0.5746,0,-0.9442,-0.2057,0.2572,0,0,1.0537,0,1]},{"frame":72,"values":[0.067,0.6422,0.7636,0,-0.3006,0.7427,-0.5983,0,-0.9514,-0.1894,0.2428,0,0,1.0537,0,1]},{"frame":73,"values":[0.0541,0.67,0.7404,0,-0.2673,0.7241,-0.6358,0,-0.9621,-0.1635,0.2182,0,0,1.0537,0,1]},{"frame":74,"values":[0.0391,0.7054,0.7077,0,-0.2222,0.6967,-0.6821,0,-0.9742,-0.1306,0.184,0,0,1.0537,0,1]},{"frame":75,"values":[0.0248,0.7439,0.6678,0,-0.1695,0.6614,-0.7306,0,-0.9852,-0.0951,0.1425,0,0,1.0537,0,1]},{"frame":76,"values":[0.0135,0.7805,0.6251,0,-0.1156,0.6222,-0.7743,0,-0.9932,-0.0618,0.0986,0,0,1.0537,0,1]},{"frame":77,"values":[0.0062,0.8107,0.5854,0,-0.0674,0.5844,-0.8087,0,-0.9977,-0.0345,0.0582,0,0,1.0537,0,1]},{"frame":78,"values":[0.0022,0.8325,0.554,0,-0.0303,0.5538,-0.8321,0,-0.9995,-0.015,0.0265,0,0,1.0537,0,1]},{"frame":79,"values":[0.0005,0.8453,0.5343,0,-0.0076,0.5343,-0.8452,0,-1,-0.0037,0.0066,0,0,1.0537,0,1]},{"frame":80,"values":[0,0.8494,0.5277,0,0,0.5277,-0.8494,0,-1,0,0,0,0,1.0537,0,1]},{"frame":100,"values":[0,0.8494,0.5277,0,0,0.5277,-0.8494,0,-1,0,0,0,0,1.0537,0,1]}],"loopBehavior":1,"name":"anim","property":"_matrix"}},
{"name":"forearm.L","index":7,"matrix":[0.9638,0.2658,-0.0196,0,-0.2396,0.8318,-0.5008,0,-0.1168,0.4874,0.8654,0,0,1.4513,0,1],"parentBoneIndex":6,"animation":{"dataType":3,"framePerSecond":60,"keys":[{"frame":0,"values":[0.9638,0.2658,-0.0196,0,-0.2396,0.8318,-0.5008,0,-0.1168,0.4874,0.8654,0,0,1.4513,0,1]},{"frame":1,"values":[0.9638,0.2658,-0.0196,0,-0.2396,0.8318,-0.5008,0,-0.1168,0.4874,0.8654,0,0,1.4513,0,1]},{"frame":2,"values":[0.9638,0.2658,-0.0196,0,-0.2396,0.8318,-0.5008,0,-0.1168,0.4874,0.8654,0,0,1.4513,0,1]},{"frame":3,"values":[0.9638,0.2658,-0.0196,0,-0.2396,0.8318,-0.5008,0,-0.1168,0.4874,0.8654,0,0,1.4513,0,1]},{"frame":4,"values":[0.9638,0.2658,-0.0196,0,-0.2396,0.8318,-0.5008,0,-0.1168,0.4874,0.8654,0,0,1.4513,0,1]},{"frame":5,"values":[0.9638,0.2658,-0.0196,0,-0.2396,0.8318,-0.5008,0,-0.1168,0.4874,0.8654,0,0,1.4513,0,1]},{"frame":6,"values":[0.9638,0.2658,-0.0196,0,-0.2396,0.8318,-0.5008,0,-0.1168,0.4874,0.8654,0,0,1.4513,0,1]},{"frame":7,"values":[0.9638,0.2658,-0.0196,0,-0.2396,0.8318,-0.5008,0,-0.1168,0.4874,0.8654,0,0,1.4513,0,1]},{"frame":8,"values":[0.9638,0.2658,-0.0196,0,-0.2396,0.8318,-0.5008,0,-0.1168,0.4874,0.8654,0,0,1.4513,0,1]},{"frame":9,"values":[0.9638,0.2658,-0.0196,0,-0.2396,0.8318,-0.5008,0,-0.1168,0.4874,0.8654,0,0,1.4513,0,1]},{"frame":10,"values":[0.9638,0.2658,-0.0196,0,-0.2396,0.8318,-0.5008,0,-0.1168,0.4874,0.8654,0,0,1.4513,0,1]},{"frame":11,"values":[0.9638,0.2658,-0.0196,0,-0.2396,0.8318,-0.5008,0,-0.1168,0.4874,0.8654,0,0,1.4513,0,1]},{"frame":12,"values":[0.9638,0.2658,-0.0196,0,-0.2395,0.8316,-0.5012,0,-0.1169,0.4877,0.8651,0,0,1.4513,0,1]},{"frame":13,"values":[0.9638,0.2658,-0.0196,0,-0.2394,0.8309,-0.5023,0,-0.1172,0.4888,0.8645,0,0,1.4513,0,1]},{"frame":14,"values":[0.9638,0.2657,-0.0197,0,-0.2391,0.8299,-0.5041,0,-0.1176,0.4906,0.8634,0,0,1.4513,0,1]},{"frame":15,"values":[0.9639,0.2657,-0.0198,0,-0.2388,0.8285,-0.5065,0,-0.1182,0.4929,0.862,0,0,1.4513,0,1]},{"frame":16,"values":[0.9639,0.2656,-0.0199,0,-0.2384,0.827,-0.5092,0,-0.1188,0.4955,0.8604,0,0,1.4513,0,1]},{"frame":17,"values":[0.9639,0.2656,-0.02,0,-0.238,0.8254,-0.5119,0,-0.1194,0.4981,0.8588,0,0,1.4513,0,1]},{"frame":18,"values":[0.9639,0.2655,-0.0201,0,-0.2377,0.824,-0.5142,0,-0.12,0.5005,0.8574,0,0,1.4513,0,1]},{"frame":19,"values":[0.9639,0.2655,-0.0202,0,-0.2375,0.823,-0.516,0,-0.1204,0.5022,0.8563,0,0,1.4513,0,1]},{"frame":20,"values":[0.9639,0.2654,-0.0202,0,-0.2373,0.8223,-0.5172,0,-0.1207,0.5033,0.8557,0,0,1.4513,0,1]},{"frame":21,"values":[0.9639,0.2654,-0.0202,0,-0.2373,0.8221,-0.5175,0,-0.1207,0.5037,0.8554,0,0,1.4513,0,1]},{"frame":22,"values":[0.9639,0.2654,-0.0202,0,-0.2373,0.8221,-0.5175,0,-0.1207,0.5037,0.8554,0,0,1.4513,0,1]},{"frame":23,"values":[0.9639,0.2654,-0.0202,0,-0.2373,0.8221,-0.5175,0,-0.1207,0.5037,0.8554,0,0,1.4513,0,1]},{"frame":24,"values":[0.9639,0.2654,-0.0202,0,-0.2373,0.8221,-0.5175,0,-0.1207,0.5037,0.8554,0,0,1.4513,0,1]},{"frame":25,"values":[0.9639,0.2654,-0.0202,0,-0.2373,0.8221,-0.5175,0,-0.1207,0.5037,0.8554,0,0,1.4513,0,1]},{"frame":26,"values":[0.9639,0.2654,-0.0202,0,-0.2373,0.8221,-0.5175,0,-0.1207,0.5037,0.8554,0,0,1.4513,0,1]},{"frame":27,"values":[0.9639,0.2654,-0.0202,0,-0.2373,0.8221,-0.5175,0,-0.1207,0.5037,0.8554,0,0,1.4513,0,1]},{"frame":28,"values":[0.9639,0.2654,-0.0202,0,-0.2373,0.8221,-0.5175,0,-0.1207,0.5037,0.8554,0,0,1.4513,0,1]},{"frame":29,"values":[0.9639,0.2654,-0.0202,0,-0.2373,0.8221,-0.5175,0,-0.1207,0.5037,0.8554,0,0,1.4513,0,1]},{"frame":30,"values":[0.9639,0.2654,-0.0202,0,-0.2373,0.8221,-0.5175,0,-0.1207,0.5037,0.8554,0,0,1.4513,0,1]},{"frame":31,"values":[0.9639,0.2654,-0.0202,0,-0.2373,0.8221,-0.5175,0,-0.1207,0.5037,0.8554,0,0,1.4513,0,1]},{"frame":32,"values":[0.9639,0.2654,-0.0202,0,-0.2373,0.8223,-0.5172,0,-0.1206,0.5033,0.8556,0,0,1.4513,0,1]},{"frame":33,"values":[0.9639,0.2655,-0.0202,0,-0.2375,0.823,-0.516,0,-0.1203,0.5022,0.8563,0,0,1.4513,0,1]},{"frame":34,"values":[0.9639,0.2655,-0.0202,0,-0.2377,0.824,-0.5142,0,-0.1199,0.5005,0.8574,0,0,1.4513,0,1]},{"frame":35,"values":[0.9639,0.2655,-0.0202,0,-0.2381,0.8254,-0.5119,0,-0.1192,0.4982,0.8588,0,0,1.4513,0,1]},{"frame":36,"values":[0.9639,0.2656,-0.0202,0,-0.2385,0.827,-0.5092,0,-0.1185,0.4956,0.8604,0,0,1.4513,0,1]},{"frame":37,"values":[0.9639,0.2656,-0.0201,0,-0.2389,0.8285,-0.5065,0,-0.1179,0.493,0.862,0,0,1.4513,0,1]},{"frame":38,"values":[0.9639,0.2657,-0.02,0,-0.2392,0.8299,-0.5041,0,-0.1173,0.4907,0.8634,0,0,1.4513,0,1]},{"frame":39,"values":[0.9638,0.2657,-0.0199,0,-0.2394,0.8309,-0.5023,0,-0.1169,0.4889,0.8645,0,0,1.4513,0,1]},{"frame":40,"values":[0.9638,0.2658,-0.0197,0,-0.2396,0.8315,-0.5012,0,-0.1168,0.4878,0.8651,0,0,1.4513,0,1]},{"frame":41,"values":[0.9638,0.2658,-0.0196,0,-0.2396,0.8318,-0.5008,0,-0.1168,0.4874,0.8654,0,0,1.4513,0,1]},{"frame":42,"values":[0.9633,0.268,-0.0129,0,-0.2356,0.8218,-0.5187,0,-0.1284,0.5027,0.8549,0,0,1.4513,0,1]},{"frame":43,"values":[0.9613,0.2754,0.0066,0,-0.2224,0.7899,-0.5714,0,-0.1626,0.5479,0.8206,0,0,1.4513,0,1]},{"frame":44,"values":[0.9564,0.2896,0.037,0,-0.1964,0.7322,-0.6522,0,-0.2159,0.6165,0.7572,0,0,1.4513,0,1]},{"frame":45,"values":[0.9474,0.3116,0.0736,0,-0.1553,0.6482,-0.7455,0,-0.28,0.6948,0.6625,0,0,1.4513,0,1]},{"frame":46,"values":[0.9341,0.3398,0.1091,0,-0.1017,0.5466,-0.8312,0,-0.3421,0.7653,0.5452,0,0,1.4513,0,1]},{"frame":47,"values":[0.9191,0.3693,0.1375,0,-0.0452,0.4453,-0.8943,0,-0.3914,0.8157,0.4259,0,0,1.4513,0,1]},{"frame":48,"values":[0.9057,0.3941,0.1562,0,0.0028,0.3628,-0.9319,0,-0.4239,0.8445,0.3275,0,0,1.4513,0,1]},{"frame":49,"values":[0.8968,0.41,0.1661,0,0.0338,0.3109,-0.9498,0,-0.4411,0.8575,0.2649,0,0,1.4513,0,1]},{"frame":50,"values":[0.8938,0.4153,0.1692,0,0.0443,0.2936,-0.9549,0,-0.4463,0.861,0.244,0,0,1.4513,0,1]},{"frame":51,"values":[0.9563,0.2899,0.0375,0,-0.1958,0.7305,-0.6542,0,-0.2171,0.6183,0.7554,0,0,1.4513,0,1]},{"frame":52,"values":[0.9572,0.2476,-0.15,0,-0.2664,0.9561,-0.1222,0,0.1132,0.1569,0.9811,0,0,1.4513,0,1]},{"frame":53,"values":[0.9572,0.2476,-0.15,0,-0.2664,0.9561,-0.1222,0,0.1132,0.1569,0.9811,0,0,1.4513,0,1]},{"frame":54,"values":[0.9572,0.2476,-0.15,0,-0.2664,0.9561,-0.1222,0,0.1132,0.1569,0.9811,0,0,1.4513,0,1]},{"frame":55,"values":[0.9572,0.2476,-0.15,0,-0.2664,0.9561,-0.1222,0,0.1132,0.1569,0.9811,0,0,1.4513,0,1]},{"frame":56,"values":[0.9572,0.2476,-0.15,0,-0.2664,0.9561,-0.1222,0,0.1132,0.1569,0.9811,0,0,1.4513,0,1]},{"frame":57,"values":[0.9572,0.2476,-0.15,0,-0.2664,0.9561,-0.1222,0,0.1132,0.1569,0.9811,0,0,1.4513,0,1]},{"frame":58,"values":[0.9572,0.2476,-0.15,0,-0.2664,0.9561,-0.1222,0,0.1132,0.1569,0.9811,0,0,1.4513,0,1]},{"frame":59,"values":[0.9572,0.2476,-0.15,0,-0.2664,0.9561,-0.1222,0,0.1132,0.1569,0.9811,0,0,1.4513,0,1]},{"frame":60,"values":[0.9572,0.2476,-0.15,0,-0.2664,0.9561,-0.1222,0,0.1132,0.1569,0.9811,0,0,1.4513,0,1]},{"frame":71,"values":[0.9575,0.2484,-0.1468,0,-0.2664,0.9564,-0.1195,0,0.1107,0.1535,0.9819,0,0,1.4513,0,1]},{"frame":72,"values":[0.9584,0.2506,-0.1369,0,-0.2663,0.9574,-0.1114,0,0.1032,0.1432,0.9843,0,0,1.4513,0,1]},{"frame":73,"values":[0.9596,0.2541,-0.1208,0,-0.2662,0.9589,-0.0982,0,0.0909,0.1264,0.9878,0,0,1.4513,0,1]},{"frame":74,"values":[0.9609,0.2582,-0.0997,0,-0.2664,0.9605,-0.0808,0,0.0749,0.1042,0.9917,0,0,1.4513,0,1]},{"frame":75,"values":[0.962,0.2622,-0.0756,0,-0.267,0.9618,-0.0612,0,0.0566,0.079,0.9953,0,0,1.4513,0,1]},{"frame":76,"values":[0.9627,0.2657,-0.0513,0,-0.2679,0.9626,-0.0415,0,0.0384,0.0537,0.9978,0,0,1.4513,0,1]},{"frame":77,"values":[0.9629,0.2682,-0.0299,0,-0.2689,0.9629,-0.0241,0,0.0223,0.0312,0.9993,0,0,1.4513,0,1]},{"frame":78,"values":[0.9628,0.2698,-0.0135,0,-0.27,0.9628,-0.0108,0,0.01,0.0141,0.9999,0,0,1.4513,0,1]},{"frame":79,"values":[0.9627,0.2707,-0.0034,0,-0.2707,0.9627,-0.0027,0,0.0025,0.0035,1,0,0,1.4513,0,1]},{"frame":80,"values":[0.9626,0.2709,0,0,-0.2709,0.9626,0,0,0,0,1,0,0,1.4513,0,1]},{"frame":100,"values":[0.9626,0.2709,0,0,-0.2709,0.9626,0,0,0,0,1,0,0,1.4513,0,1]}],"loopBehavior":1,"name":"anim","property":"_matrix"}},
{"name":"hand.L","index":8,"matrix":[0.9741,-0.226,0,0,0.226,0.9741,0,0,0,0,1,0,0,1.254,0,1],"parentBoneIndex":7,"animation":{"dataType":3,"framePerSecond":60,"keys":[{"frame":0,"values":[0.9741,-0.226,0,0,0.226,0.9741,0,0,0,0,1,0,0,1.254,0,1]},{"frame":1,"values":[0.9741,-0.226,0,0,0.226,0.9741,0,0,0,0,1,0,0,1.254,0,1]},{"frame":2,"values":[0.9741,-0.226,0,0,0.226,0.9741,0,0,0,0,1,0,0,1.254,0,1]},{"frame":3,"values":[0.9741,-0.226,0,0,0.226,0.9741,0,0,0,0,1,0,0,1.254,0,1]},{"frame":4,"values":[0.9741,-0.226,0,0,0.226,0.9741,0,0,0,0,1,0,0,1.254,0,1]},{"frame":5,"values":[0.9741,-0.226,0,0,0.226,0.9741,0,0,0,0,1,0,0,1.254,0,1]},{"frame":6,"values":[0.9741,-0.226,0,0,0.226,0.9741,0,0,0,0,1,0,0,1.254,0,1]},{"frame":7,"values":[0.9741,-0.226,0,0,0.226,0.9741,0,0,0,0,1,0,0,1.254,0,1]},{"frame":8,"values":[0.9741,-0.226,0,0,0.226,0.9741,0,0,0,0,1,0,0,1.254,0,1]},{"frame":9,"values":[0.9741,-0.226,0,0,0.226,0.9741,0,0,0,0,1,0,0,1.254,0,1]},{"frame":10,"values":[0.9741,-0.226,0,0,0.226,0.9741,0,0,0,0,1,0,0,1.254,0,1]},{"frame":11,"values":[0.9741,-0.226,0,0,0.226,0.9741,0,0,0,0,1,0,0,1.254,0,1]},{"frame":12,"values":[0.9741,-0.226,0,0,0.226,0.9741,0,0,0,0,1,0,0,1.254,0,1]},{"frame":13,"values":[0.9741,-0.226,0,0,0.226,0.9741,0,0,0,0,1,0,0,1.254,0,1]},{"frame":14,"values":[0.9741,-0.226,0,0,0.226,0.9741,0,0,0,0,1,0,0,1.254,0,1]},{"frame":15,"values":[0.9741,-0.226,0,0,0.226,0.9741,0,0,0,0,1,0,0,1.254,0,1]},{"frame":16,"values":[0.9741,-0.226,0,0,0.226,0.9741,0,0,0,0,1,0,0,1.254,0,1]},{"frame":17,"values":[0.9741,-0.226,0,0,0.226,0.9741,0,0,0,0,1,0,0,1.254,0,1]},{"frame":18,"values":[0.9741,-0.226,0,0,0.226,0.9741,0,0,0,0,1,0,0,1.254,0,1]},{"frame":19,"values":[0.9741,-0.226,0,0,0.226,0.9741,0,0,0,0,1,0,0,1.254,0,1]},{"frame":20,"values":[0.9741,-0.226,0,0,0.226,0.9741,0,0,0,0,1,0,0,1.254,0,1]},{"frame":21,"values":[0.9741,-0.226,0,0,0.226,0.9741,0,0,0,0,1,0,0,1.254,0,1]},{"frame":22,"values":[0.9741,-0.226,0,0,0.226,0.9741,0,0,0,0,1,0,0,1.254,0,1]},{"frame":23,"values":[0.9741,-0.226,0,0,0.226,0.9741,0,0,0,0,1,0,0,1.254,0,1]},{"frame":24,"values":[0.9741,-0.226,0,0,0.226,0.9741,0,0,0,0,1,0,0,1.254,0,1]},{"frame":25,"values":[0.9741,-0.226,0,0,0.226,0.9741,0,0,0,0,1,0,0,1.254,0,1]},{"frame":26,"values":[0.9741,-0.226,0,0,0.226,0.9741,0,0,0,0,1,0,0,1.254,0,1]},{"frame":27,"values":[0.9741,-0.226,0,0,0.226,0.9741,0,0,0,0,1,0,0,1.254,0,1]},{"frame":28,"values":[0.9741,-0.226,0,0,0.226,0.9741,0,0,0,0,1,0,0,1.254,0,1]},{"frame":29,"values":[0.9741,-0.226,0,0,0.226,0.9741,0,0,0,0,1,0,0,1.254,0,1]},{"frame":30,"values":[0.9741,-0.226,0,0,0.226,0.9741,0,0,0,0,1,0,0,1.254,0,1]},{"frame":31,"values":[0.9741,-0.226,0,0,0.226,0.9741,0,0,0,0,1,0,0,1.254,0,1]},{"frame":32,"values":[0.9741,-0.226,0,0,0.226,0.9741,0,0,0,0,1,0,0,1.254,0,1]},{"frame":33,"values":[0.9741,-0.226,0,0,0.226,0.9741,0,0,0,0,1,0,0,1.254,0,1]},{"frame":34,"values":[0.9741,-0.226,0,0,0.226,0.9741,0,0,0,0,1,0,0,1.254,0,1]},{"frame":35,"values":[0.9741,-0.226,0,0,0.226,0.9741,0,0,0,0,1,0,0,1.254,0,1]},{"frame":36,"values":[0.9741,-0.226,0,0,0.226,0.9741,0,0,0,0,1,0,0,1.254,0,1]},{"frame":37,"values":[0.9741,-0.226,0,0,0.226,0.9741,0,0,0,0,1,0,0,1.254,0,1]},{"frame":38,"values":[0.9741,-0.226,0,0,0.226,0.9741,0,0,0,0,1,0,0,1.254,0,1]},{"frame":39,"values":[0.9741,-0.226,0,0,0.226,0.9741,0,0,0,0,1,0,0,1.254,0,1]},{"frame":40,"values":[0.9741,-0.226,0,0,0.226,0.9741,0,0,0,0,1,0,0,1.254,0,1]},{"frame":41,"values":[0.9741,-0.226,0,0,0.226,0.9741,0,0,0,0,1,0,0,1.254,0,1]},{"frame":42,"values":[0.9741,-0.226,0,0,0.226,0.9741,0,0,0,0,1,0,0,1.254,0,1]},{"frame":43,"values":[0.9741,-0.226,0,0,0.226,0.9741,0,0,0,0,1,0,0,1.254,0,1]},{"frame":44,"values":[0.9741,-0.226,0,0,0.226,0.9741,0,0,0,0,1,0,0,1.254,0,1]},{"frame":45,"values":[0.9741,-0.226,0,0,0.226,0.9741,0,0,0,0,1,0,0,1.254,0,1]},{"frame":46,"values":[0.9741,-0.226,0,0,0.226,0.9741,0,0,0,0,1,0,0,1.254,0,1]},{"frame":47,"values":[0.9741,-0.226,0,0,0.226,0.9741,0,0,0,0,1,0,0,1.254,0,1]},{"frame":48,"values":[0.9741,-0.226,0,0,0.226,0.9741,0,0,0,0,1,0,0,1.254,0,1]},{"frame":49,"values":[0.9741,-0.226,0,0,0.226,0.9741,0,0,0,0,1,0,0,1.254,0,1]},{"frame":50,"values":[0.9741,-0.226,0,0,0.226,0.9741,0,0,0,0,1,0,0,1.254,0,1]},{"frame":51,"values":[0.9741,-0.226,0,0,0.226,0.9741,0,0,0,0,1,0,0,1.254,0,1]},{"frame":52,"values":[0.9741,-0.226,0,0,0.226,0.9741,0,0,0,0,1,0,0,1.254,0,1]},{"frame":53,"values":[0.9741,-0.226,0,0,0.226,0.9741,0,0,0,0,1,0,0,1.254,0,1]},{"frame":54,"values":[0.9741,-0.226,0,0,0.226,0.9741,0,0,0,0,1,0,0,1.254,0,1]},{"frame":55,"values":[0.9741,-0.226,0,0,0.226,0.9741,0,0,0,0,1,0,0,1.254,0,1]},{"frame":56,"values":[0.9741,-0.226,0,0,0.226,0.9741,0,0,0,0,1,0,0,1.254,0,1]},{"frame":57,"values":[0.9741,-0.226,0,0,0.226,0.9741,0,0,0,0,1,0,0,1.254,0,1]},{"frame":58,"values":[0.9741,-0.226,0,0,0.226,0.9741,0,0,0,0,1,0,0,1.254,0,1]},{"frame":59,"values":[0.9741,-0.226,0,0,0.226,0.9741,0,0,0,0,1,0,0,1.254,0,1]},{"frame":60,"values":[0.9741,-0.226,0,0,0.226,0.9741,0,0,0,0,1,0,0,1.254,0,1]},{"frame":71,"values":[0.9741,-0.226,0,0,0.226,0.9741,0,0,0,0,1,0,0,1.254,0,1]},{"frame":72,"values":[0.9741,-0.226,0,0,0.226,0.9741,0,0,0,0,1,0,0,1.254,0,1]},{"frame":73,"values":[0.9741,-0.226,0,0,0.226,0.9741,0,0,0,0,1,0,0,1.254,0,1]},{"frame":74,"values":[0.9741,-0.226,0,0,0.226,0.9741,0,0,0,0,1,0,0,1.254,0,1]},{"frame":75,"values":[0.9741,-0.226,0,0,0.226,0.9741,0,0,0,0,1,0,0,1.254,0,1]},{"frame":76,"values":[0.9741,-0.226,0,0,0.226,0.9741,0,0,0,0,1,0,0,1.254,0,1]},{"frame":77,"values":[0.9741,-0.226,0,0,0.226,0.9741,0,0,0,0,1,0,0,1.254,0,1]},{"frame":78,"values":[0.9741,-0.226,0,0,0.226,0.9741,0,0,0,0,1,0,0,1.254,0,1]},{"frame":79,"values":[0.9741,-0.226,0,0,0.226,0.9741,0,0,0,0,1,0,0,1.254,0,1]},{"frame":80,"values":[0.9741,-0.226,0,0,0.226,0.9741,0,0,0,0,1,0,0,1.254,0,1]},{"frame":100,"values":[0.9741,-0.226,0,0,0.226,0.9741,0,0,0,0,1,0,0,1.254,0,1]}],"loopBehavior":1,"name":"anim","property":"_matrix"}},
{"name":"middleFinger1.L","index":9,"matrix":[0.9588,0.2841,0,0,-0.2841,0.9588,0,0,0,0,1,0,0,0.4709,0,1],"parentBoneIndex":8,"animation":{"dataType":3,"framePerSecond":60,"keys":[{"frame":0,"values":[0.9588,0.2841,0,0,-0.2841,0.9588,0,0,0,0,1,0,0,0.4709,0,1]},{"frame":1,"values":[0.9588,0.2841,0,0,-0.2841,0.9588,0,0,0,0,1,0,0,0.4709,0,1]},{"frame":2,"values":[0.9588,0.2841,0,0,-0.2841,0.9588,0,0,0,0,1,0,0,0.4709,0,1]},{"frame":3,"values":[0.9588,0.2841,0,0,-0.2841,0.9588,0,0,0,0,1,0,0,0.4709,0,1]},{"frame":4,"values":[0.9588,0.2841,0,0,-0.2841,0.9588,0,0,0,0,1,0,0,0.4709,0,1]},{"frame":5,"values":[0.9588,0.2841,0,0,-0.2841,0.9588,0,0,0,0,1,0,0,0.4709,0,1]},{"frame":6,"values":[0.9588,0.2841,0,0,-0.2841,0.9588,0,0,0,0,1,0,0,0.4709,0,1]},{"frame":7,"values":[0.9588,0.2841,0,0,-0.2841,0.9588,0,0,0,0,1,0,0,0.4709,0,1]},{"frame":8,"values":[0.9588,0.2841,0,0,-0.2841,0.9588,0,0,0,0,1,0,0,0.4709,0,1]},{"frame":9,"values":[0.9588,0.2841,0,0,-0.2841,0.9588,0,0,0,0,1,0,0,0.4709,0,1]},{"frame":10,"values":[0.9588,0.2841,0,0,-0.2841,0.9588,0,0,0,0,1,0,0,0.4709,0,1]},{"frame":11,"values":[0.9588,0.2841,0,0,-0.2841,0.9588,0,0,0,0,1,0,0,0.4709,0,1]},{"frame":12,"values":[0.9588,0.2841,0,0,-0.2841,0.9588,0,0,0,0,1,0,0,0.4709,0,1]},{"frame":13,"values":[0.9588,0.2841,0,0,-0.2841,0.9588,0,0,0,0,1,0,0,0.4709,0,1]},{"frame":14,"values":[0.9588,0.2841,0,0,-0.2841,0.9588,0,0,0,0,1,0,0,0.4709,0,1]},{"frame":15,"values":[0.9588,0.2841,0,0,-0.2841,0.9588,0,0,0,0,1,0,0,0.4709,0,1]},{"frame":16,"values":[0.9588,0.2841,0,0,-0.2841,0.9588,0,0,0,0,1,0,0,0.4709,0,1]},{"frame":17,"values":[0.9588,0.2841,0,0,-0.2841,0.9588,0,0,0,0,1,0,0,0.4709,0,1]},{"frame":18,"values":[0.9588,0.2841,0,0,-0.2841,0.9588,0,0,0,0,1,0,0,0.4709,0,1]},{"frame":19,"values":[0.9588,0.2841,0,0,-0.2841,0.9588,0,0,0,0,1,0,0,0.4709,0,1]},{"frame":20,"values":[0.9588,0.2841,0,0,-0.2841,0.9588,0,0,0,0,1,0,0,0.4709,0,1]},{"frame":21,"values":[0.9588,0.2841,0,0,-0.2841,0.9588,0,0,0,0,1,0,0,0.4709,0,1]},{"frame":22,"values":[0.9588,0.2841,0,0,-0.2841,0.9588,0,0,0,0,1,0,0,0.4709,0,1]},{"frame":23,"values":[0.9588,0.2841,0,0,-0.2841,0.9588,0,0,0,0,1,0,0,0.4709,0,1]},{"frame":24,"values":[0.9588,0.2841,0,0,-0.2841,0.9588,0,0,0,0,1,0,0,0.4709,0,1]},{"frame":25,"values":[0.9588,0.2841,0,0,-0.2841,0.9588,0,0,0,0,1,0,0,0.4709,0,1]},{"frame":26,"values":[0.9588,0.2841,0,0,-0.2841,0.9588,0,0,0,0,1,0,0,0.4709,0,1]},{"frame":27,"values":[0.9588,0.2841,0,0,-0.2841,0.9588,0,0,0,0,1,0,0,0.4709,0,1]},{"frame":28,"values":[0.9588,0.2841,0,0,-0.2841,0.9588,0,0,0,0,1,0,0,0.4709,0,1]},{"frame":29,"values":[0.9588,0.2841,0,0,-0.2841,0.9588,0,0,0,0,1,0,0,0.4709,0,1]},{"frame":30,"values":[0.9588,0.2841,0,0,-0.2841,0.9588,0,0,0,0,1,0,0,0.4709,0,1]},{"frame":31,"values":[0.9588,0.2841,0,0,-0.2841,0.9588,0,0,0,0,1,0,0,0.4709,0,1]},{"frame":32,"values":[0.9588,0.2841,0,0,-0.2841,0.9588,0,0,0,0,1,0,0,0.4709,0,1]},{"frame":33,"values":[0.9588,0.2841,0,0,-0.2841,0.9588,0,0,0,0,1,0,0,0.4709,0,1]},{"frame":34,"values":[0.9588,0.2841,0,0,-0.2841,0.9588,0,0,0,0,1,0,0,0.4709,0,1]},{"frame":35,"values":[0.9588,0.2841,0,0,-0.2841,0.9588,0,0,0,0,1,0,0,0.4709,0,1]},{"frame":36,"values":[0.9588,0.2841,0,0,-0.2841,0.9588,0,0,0,0,1,0,0,0.4709,0,1]},{"frame":37,"values":[0.9588,0.2841,0,0,-0.2841,0.9588,0,0,0,0,1,0,0,0.4709,0,1]},{"frame":38,"values":[0.9588,0.2841,0,0,-0.2841,0.9588,0,0,0,0,1,0,0,0.4709,0,1]},{"frame":39,"values":[0.9588,0.2841,0,0,-0.2841,0.9588,0,0,0,0,1,0,0,0.4709,0,1]},{"frame":40,"values":[0.9588,0.2841,0,0,-0.2841,0.9588,0,0,0,0,1,0,0,0.4709,0,1]},{"frame":41,"values":[0.9588,0.2841,0,0,-0.2841,0.9588,0,0,0,0,1,0,0,0.4709,0,1]},{"frame":42,"values":[0.9588,0.2841,0,0,-0.2841,0.9588,0,0,0,0,1,0,0,0.4709,0,1]},{"frame":43,"values":[0.9588,0.2841,0,0,-0.2841,0.9588,0,0,0,0,1,0,0,0.4709,0,1]},{"frame":44,"values":[0.9588,0.2841,0,0,-0.2841,0.9588,0,0,0,0,1,0,0,0.4709,0,1]},{"frame":45,"values":[0.9588,0.2841,0,0,-0.2841,0.9588,0,0,0,0,1,0,0,0.4709,0,1]},{"frame":46,"values":[0.9588,0.2841,0,0,-0.2841,0.9588,0,0,0,0,1,0,0,0.4709,0,1]},{"frame":47,"values":[0.9588,0.2841,0,0,-0.2841,0.9588,0,0,0,0,1,0,0,0.4709,0,1]},{"frame":48,"values":[0.9588,0.2841,0,0,-0.2841,0.9588,0,0,0,0,1,0,0,0.4709,0,1]},{"frame":49,"values":[0.9588,0.2841,0,0,-0.2841,0.9588,0,0,0,0,1,0,0,0.4709,0,1]},{"frame":50,"values":[0.9588,0.2841,0,0,-0.2841,0.9588,0,0,0,0,1,0,0,0.4709,0,1]},{"frame":51,"values":[0.9588,0.2841,0,0,-0.2841,0.9588,0,0,0,0,1,0,0,0.4709,0,1]},{"frame":52,"values":[0.9588,0.2841,0,0,-0.2841,0.9588,0,0,0,0,1,0,0,0.4709,0,1]},{"frame":53,"values":[0.9588,0.2841,0,0,-0.2841,0.9588,0,0,0,0,1,0,0,0.4709,0,1]},{"frame":54,"values":[0.9588,0.2841,0,0,-0.2841,0.9588,0,0,0,0,1,0,0,0.4709,0,1]},{"frame":55,"values":[0.9588,0.2841,0,0,-0.2841,0.9588,0,0,0,0,1,0,0,0.4709,0,1]},{"frame":56,"values":[0.9588,0.2841,0,0,-0.2841,0.9588,0,0,0,0,1,0,0,0.4709,0,1]},{"frame":57,"values":[0.9588,0.2841,0,0,-0.2841,0.9588,0,0,0,0,1,0,0,0.4709,0,1]},{"frame":58,"values":[0.9588,0.2841,0,0,-0.2841,0.9588,0,0,0,0,1,0,0,0.4709,0,1]},{"frame":59,"values":[0.9588,0.2841,0,0,-0.2841,0.9588,0,0,0,0,1,0,0,0.4709,0,1]},{"frame":60,"values":[0.9588,0.2841,0,0,-0.2841,0.9588,0,0,0,0,1,0,0,0.4709,0,1]},{"frame":71,"values":[0.9588,0.2841,0,0,-0.2841,0.9588,0,0,0,0,1,0,0,0.4709,0,1]},{"frame":72,"values":[0.9588,0.2841,0,0,-0.2841,0.9588,0,0,0,0,1,0,0,0.4709,0,1]},{"frame":73,"values":[0.9588,0.2841,0,0,-0.2841,0.9588,0,0,0,0,1,0,0,0.4709,0,1]},{"frame":74,"values":[0.9588,0.2841,0,0,-0.2841,0.9588,0,0,0,0,1,0,0,0.4709,0,1]},{"frame":75,"values":[0.9588,0.2841,0,0,-0.2841,0.9588,0,0,0,0,1,0,0,0.4709,0,1]},{"frame":76,"values":[0.9588,0.2841,0,0,-0.2841,0.9588,0,0,0,0,1,0,0,0.4709,0,1]},{"frame":77,"values":[0.9588,0.2841,0,0,-0.2841,0.9588,0,0,0,0,1,0,0,0.4709,0,1]},{"frame":78,"values":[0.9588,0.2841,0,0,-0.2841,0.9588,0,0,0,0,1,0,0,0.4709,0,1]},{"frame":79,"values":[0.9588,0.2841,0,0,-0.2841,0.9588,0,0,0,0,1,0,0,0.4709,0,1]},{"frame":80,"values":[0.9588,0.2841,0,0,-0.2841,0.9588,0,0,0,0,1,0,0,0.4709,0,1]},{"frame":100,"values":[0.9588,0.2841,0,0,-0.2841,0.9588,0,0,0,0,1,0,0,0.4709,0,1]}],"loopBehavior":1,"name":"anim","property":"_matrix"}},
